/Library/Frameworks/Python.framework/Versions/6.2/lib/python2.6/site-packages/scipy/optimize/minpack.py:316: RuntimeWarning: Number of calls to function has reached maxfev = 20.
  warnings.warn(errors[info][0], RuntimeWarning)
/Library/Frameworks/Python.framework/Versions/6.2/lib/python2.6/site-packages/scipy/optimize/minpack.py:316: RuntimeWarning: Number of calls to function has reached maxfev = 800.
  warnings.warn(errors[info][0], RuntimeWarning)
['lcmultifit.py', '2']
tparams: [49.05013032077035, [307.01483424957928, 88.017254301324812, 18.098959434548753], [211.67932637679968, -59.990903741802775, 24.311888819853824]]

first spot
lightcurve:
[ 0.97889497  0.97895676  0.97902163  0.97908919  0.979159    0.97923062
  0.9793036   0.9793775   0.97945184  0.97952618  0.97960005  0.97967301
  0.9797446   0.97981439  0.97988197  0.97994692  0.98000885  0.9800674
  0.98012221  0.98017297  0.98021936  0.98026113  0.98029801  0.9803298
  0.98035631  0.98037738  0.9803929   0.98040276  0.98040692  0.98040535
  0.98039805  0.98038507  0.9803665   0.98034082  0.98029302  0.98021452
  0.98010497  0.97996747  0.97980705  0.97962991  0.97944286  0.97925289
  0.9790668   0.97889092  0.97873088  0.97859136  0.97847597  0.97838714
  0.97832602  0.97829246  0.97828505  0.97830114  0.97833702  0.97838796
  0.97844853  0.97851273  0.97857434  0.97862724  0.97866584  0.97868559
  0.97868381  0.97866097  0.97862508  0.97859218  0.97856471  0.97854285
  0.97852674  0.97851649  0.97851217  0.97851381  0.97852139  0.97853486
  0.97855414  0.9785791   0.97860958  0.97864538  0.97868627  0.97873198
  0.97878222  0.97883667]

best fits:
opt: [   0.75610556  285.64305258  -76.82379606  102.41986003] sse: 4.57391266155e-06 p1: [   0.26868692  252.03565674    1.18220416   39.47022921]
opt: [  13.17561889  105.66766714  -90.75508892  102.42035505] sse: 4.57397122244e-06 p1: [  93.49912498  108.21326611  -91.26268321   37.59222329]
opt: [  -0.75223898  105.74008785  -76.82599546  102.42172951] sse: 4.57476242384e-06 p1: [ -0.13060686  71.06492935   3.51758922  37.51269034]
opt: [  65.59104204  284.28681371   88.81828814   23.59181077] sse: 5.23614161498e-06 p1: [  60.92098976  284.18334645   88.66594005   21.58067551]
opt: [   1.18171326  284.2868039    24.40899142   23.59179436] sse: 5.23614161499e-06 p1: [   1.84390188  284.19269395   38.26124866   18.81053325]
opt: [  65.73394361  104.32596205   91.17216299   23.66288925] sse: 5.23671916988e-06 p1: [  62.79451381  104.02719244   91.32053012   22.32116249]
opt: [  -1.15280193  104.43632464   24.0154073    23.7891179 ] sse: 5.24292658066e-06 p1: [  -1.37942396  104.52183701   28.69469864   21.72380907]
opt: [  90.00388148  104.2221452    90.85187922   40.33947667] sse: 5.32208241243e-06 p1: [  90.81073381  107.40540136   90.63608224   40.75834983]

inc: 0.756105563716 spot # 2
residual lightcurve:
[ 0.99993602  0.99992758  0.99992062  0.99991511  0.99991098  0.99990817
  0.99990659  0.99990617  0.99990679  0.99990835  0.99991072  0.99991377
  0.99991737  0.99992136  0.99992558  0.99992987  0.99993405  0.99993796
  0.99994141  0.99994421  0.99994619  0.99994721  0.9999472   0.99994718
  0.99997498  1.00002823  1.00008083  1.00013162  1.00018036  1.00022691
  1.00027114  1.00031295  1.00035227  1.00038738  1.00040306  1.00039047
  1.00034902  1.0002815   1.00019265  1.00008835  0.99997506  0.99985942
  0.99974789  0.99964643  0.99956029  0.99949379  0.99945017  0.99943149
  0.99943853  0.99947079  0.99952652  0.99960276  0.99969544  0.99979958
  0.99990943  1.00001874  1.00012107  1.00021006  1.00027994  1.00032601
  1.00034541  1.00033852  1.00031328  1.00028565  1.00025805  1.00023066
  1.00020366  1.00017721  1.00015145  1.00012654  1.00010261  1.00007976
  1.00005811  1.00003775  1.00001876  1.00000119  0.9999851   0.99997052
  0.99995748  0.99994598]

best fits:
opt: [ 211.91893167  -22.34829486   23.99777918] sse: 4.54223433138e-06 p1: [ 217.86915111  -22.29251903   23.55274944]
opt: [ 211.95800644  -12.12556272   13.94276377] sse: 4.54853140096e-06 p1: [ 226.40579442  -12.86912953   12.36157193]
opt: [ 211.85842778   -7.89168531    9.81812546] sse: 4.55196553119e-06 p1: [ 224.70871202   -7.58246831    8.82423827]
opt: [ 211.8145329    -4.18187142    6.25308183] sse: 4.55592667042e-06 p1: [ 190.71911056   -3.39005974    4.65992652]
opt: [ 211.70090915   -3.93385986    6.01768318] sse: 4.55624540089e-06 p1: [ 210.70856142   -3.10826047    4.13514553]
opt: [ 37.63913327  -6.36015883   7.35055805] sse: 4.56754709764e-06 p1: [ 48.39111165  -5.05490285   6.98310918]
opt: [  2.12777652e+02  -9.56748677e-03   6.95269558e-01] sse: 4.57163683877e-06 p1: [ 197.13781572    5.71209646    0.42549598]
opt: [ 108.   -72.    17.5] sse: 4.57391266155e-06 p1: [ 108.   -72.    17.5]
opt: [ 202.11100473  -12.34287654    4.14524782] sse: 4.57391266155e-06 p1: [ 202.11100473  -12.34287654    4.14524782]
opt: [ 189.29986018  -22.77441068    4.60977596] sse: 4.57391266155e-06 p1: [ 189.29986018  -22.77441068    4.60977596]
opt: [ 324.   -72.    11.5] sse: 4.57391266155e-06 p1: [ 324.   -72.    11.5]
opt: [ 252.   -72.    23.5] sse: 4.57391266155e-06 p1: [ 252.   -72.    23.5]
opt: [ 252.   -36.    17.5] sse: 4.57391266155e-06 p1: [ 252.   -36.    17.5]
opt: [ 191.42900641  -18.73530673    4.04234692] sse: 4.57391266155e-06 p1: [ 191.42900641  -18.73530673    4.04234692]
opt: [ 180.   -72.    11.5] sse: 4.57391266155e-06 p1: [ 180.   -72.    11.5]
opt: [ 36.  -72.   11.5] sse: 4.57391266155e-06 p1: [ 36.  -72.   11.5]
opt: [ 324.   -72.    20.5] sse: 4.57391266155e-06 p1: [ 324.   -72.    20.5]
opt: [ 220.1200597   -34.62769869    4.2064327 ] sse: 4.57391266155e-06 p1: [ 220.1200597   -34.62769869    4.2064327 ]
opt: [ 180.   -36.    11.5] sse: 4.57391266155e-06 p1: [ 180.   -36.    11.5]
opt: [ 252.   -72.    11.5] sse: 4.57391266155e-06 p1: [ 252.   -72.    11.5]
opt: [ 108.   -36.    11.5] sse: 4.57391266155e-06 p1: [ 108.   -36.    11.5]
opt: [ 180.   -72.    20.5] sse: 4.57391266155e-06 p1: [ 180.   -72.    20.5]
opt: [ 36.  -36.   11.5] sse: 4.57391266155e-06 p1: [ 36.  -36.   11.5]
opt: [ 206.72086623  -12.88847854    2.87527672] sse: 4.57391266155e-06 p1: [ 206.72086623  -12.88847854    2.87527672]
opt: [ 210.94980228  -18.63888945    4.57572943] sse: 4.57391266155e-06 p1: [ 210.94980228  -18.63888945    4.57572943]
opt: [ 154.0903753    -9.396477      4.32300644] sse: 4.57391266155e-06 p1: [ 154.0903753    -9.396477      4.32300644]
opt: [ 252.   -72.    20.5] sse: 4.57391266155e-06 p1: [ 252.   -72.    20.5]
opt: [ 108.   -72.    11.5] sse: 4.57391266155e-06 p1: [ 108.   -72.    11.5]
opt: [ 36.  -36.   20.5] sse: 4.57391266155e-06 p1: [ 36.  -36.   20.5]
opt: [  1.00932068e+02   8.57419205e+01  -1.85632924e-02] sse: 4.57391379372e-06 p1: [  1.00932068e+02   8.57419205e+01  -1.85632924e-02]

inc: 13.1756188867 spot # 2
residual lightcurve:
[ 0.9999362   0.99992785  0.99992099  0.99991557  0.99991153  0.99990881
  0.99990733  0.99990699  0.9999077   0.99990933  0.99991177  0.9999149
  0.99991855  0.9999226   0.99992687  0.9999312   0.99993543  0.99993937
  0.99994283  0.99994565  0.99994763  0.99994861  0.99994851  0.99994803
  0.99997558  1.00002916  1.0000818   1.00013259  1.00018129  1.00022779
  1.00027196  1.00031371  1.00035295  1.00038799  1.00040359  1.00039092
  1.00034939  1.00028178  1.00019284  1.00008844  0.99997507  0.99985934
  0.99974772  0.99964618  0.99955995  0.99949337  0.99944967  0.99943091
  0.99943788  0.99947007  0.99952574  0.99960192  0.99969455  0.99979864
  0.99990845  1.00001774  1.00012004  1.00020901  1.00027888  1.00032494
  1.00034434  1.00033747  1.00031224  1.00028463  1.00025706  1.00022971
  1.00020275  1.00017634  1.00015065  1.0001258   1.00010193  1.00007915
  1.00005758  1.0000373   1.00001839  1.00000091  0.99998491  0.99997042
  0.99995747  0.99994607]

best fits:
opt: [ 213.10850835  -47.2213665    41.06565213] sse: 2.86710213252e-06 p1: [ 207.18804905   -6.06369371    1.29883721]
opt: [ 213.10754446  -47.53531601   41.36526577] sse: 2.86710948068e-06 p1: [ 62.75198491  81.49649828   0.09638744]
opt: [ 213.09844172  -47.62088095   41.44690858] sse: 2.86711678096e-06 p1: [  1.81649458e+02   8.35381342e+01   1.03546281e-01]
opt: [ 213.14400673  -46.16647424   40.05896092] sse: 2.86729138702e-06 p1: [ 223.9222466    -5.88110198    0.97505293]
opt: [ 213.09631929  -45.94991295   39.85241958] sse: 2.86736595571e-06 p1: [ 208.65548062   -9.03353859    5.58302603]
opt: [ 213.06005682  -44.4723316    38.44297085] sse: 2.86825809279e-06 p1: [ 232.70338134   15.04058617    0.46335848]
opt: [ 213.23325845  -44.17850512   38.1626036 ] sse: 2.86854451661e-06 p1: [  3.27232962e+02   1.31369242e+01   1.07411465e-01]
opt: [ 212.98474449  -43.92895807   37.92453617] sse: 2.86877433941e-06 p1: [ 208.34044275   33.38555261    0.38292933]
opt: [ 213.19138938  -43.51990794   37.5346536 ] sse: 2.86916732262e-06 p1: [ 209.51480106  -34.91256156   24.57392624]
opt: [ 213.18856542  -38.82471548   33.06395895] sse: 2.87730001136e-06 p1: [ 203.8677175   -13.26172437    9.73240405]
opt: [ 212.99899715  -34.40718206   28.87280182] sse: 2.89090165976e-06 p1: [ 102.60697878   70.90089769    0.17456315]
opt: [ 212.93523243  -30.75897824   25.42860422] sse: 2.90717398714e-06 p1: [  2.52684480e+02   5.64130892e+01   1.17009570e-01]
opt: [ 212.92640837  -26.30663074   21.25670401] sse: 2.93477442037e-06 p1: [ 211.1276537    54.52520153    0.23497883]
opt: [ 212.93679133  -23.14208247   18.31876616] sse: 2.96138858788e-06 p1: [ 251.73153505   38.16422554    0.44675209]
opt: [ 42.57753619  -4.7438734    2.60325229] sse: 4.43666102073e-06 p1: [ 42.64354702  -4.72909671   2.60041961]
opt: [ 108.   -72.    17.5] sse: 4.57397122244e-06 p1: [ 108.   -72.    17.5]
opt: [ 36.  -72.   17.5] sse: 4.57397122244e-06 p1: [ 36.  -72.   17.5]
opt: [ 36.  -36.   11.5] sse: 4.57397122244e-06 p1: [ 36.  -36.   11.5]
opt: [ 36.  -72.   20.5] sse: 4.57397122244e-06 p1: [ 36.  -72.   20.5]
opt: [ 36.  -72.   11.5] sse: 4.57397122244e-06 p1: [ 36.  -72.   11.5]
opt: [ 252.   -72.    23.5] sse: 4.57397122244e-06 p1: [ 252.   -72.    23.5]
opt: [ 36.  -36.   17.5] sse: 4.57397122244e-06 p1: [ 36.  -36.   17.5]
opt: [ 108.   -72.    11.5] sse: 4.57397122244e-06 p1: [ 108.   -72.    11.5]
opt: [ 180.   -72.    11.5] sse: 4.57397122244e-06 p1: [ 180.   -72.    11.5]
opt: [ 324.   -72.    11.5] sse: 4.57397122244e-06 p1: [ 324.   -72.    11.5]
opt: [ 36.  -72.   14.5] sse: 4.57397122244e-06 p1: [ 36.  -72.   14.5]
opt: [ 252.   -72.    11.5] sse: 4.57397122244e-06 p1: [ 252.   -72.    11.5]
opt: [  2.91497923e+02   7.50085877e+01   6.24977202e-04] sse: 4.5739712262e-06 p1: [  3.47280389e+02   7.70888280e+01  -1.73983067e-01]
opt: [  8.77504390e+01   6.42265008e+01   1.68921707e-02] sse: 4.57397469623e-06 p1: [  4.16390235e+01   5.56672626e+01   1.68547497e-02]

inc: -0.752238980307 spot # 2
residual lightcurve:
[ 0.99993676  0.99992869  0.99992209  0.99991693  0.99991316  0.99991069
  0.99990946  0.99990935  0.99991029  0.99991214  0.99991479  0.9999181
  0.99992193  0.99992614  0.99993055  0.99993501  0.99993935  0.99994337
  0.9999469   0.99994975  0.99995173  0.99995265  0.99995235  0.99995082
  0.99997747  1.00003187  1.00008459  1.00013531  1.0001839   1.00023025
  1.00027425  1.00031582  1.00035485  1.00038967  1.00040505  1.00039214
  1.00035037  1.00028252  1.00019333  1.00008868  0.99997505  0.99985907
  0.9997472   0.99964541  0.99955895  0.99949213  0.99944821  0.99942924
  0.99943601  0.99946802  0.99952352  0.99959954  0.99969203  0.99979599
  0.9999057   1.00001489  1.00011712  1.00020605  1.00027588  1.00032193
  1.00034134  1.00033449  1.00030932  1.00028177  1.00025429  1.00022705
  1.00020021  1.00017395  1.0001484   1.00012373  1.00010005  1.00007748
  1.00005612  1.00003606  1.00001739  1.00000015  0.99998441  0.99997018
  0.9999575   0.99994636]

best fits:
opt: [ 32.87278859 -25.70646812  27.33313625] sse: 4.5403044647e-06 p1: [ 28.85625426 -25.50058284  26.95619402]
opt: [ 32.69336496 -23.66245622  25.31369564] sse: 4.54139621768e-06 p1: [ 27.52499688 -23.51885884  24.89063133]
opt: [ 217.31832734  -72.1943809    72.92143121] sse: 4.55107434361e-06 p1: [ 362.12824055  -17.08295092   18.35356175]
opt: [ 32.11950531  -7.93625631   9.8809592 ] sse: 4.55206445503e-06 p1: [ 45.50318177  -7.47872161   8.86907757]
opt: [ 32.80310718  -6.66077113   8.64806162] sse: 4.5533125172e-06 p1: [ 21.08283411  -6.05100244   7.44631757]
opt: [ 217.51622323  -25.95015628   26.82509152] sse: 4.56379536231e-06 p1: [ 266.19306301  -25.96825968   26.41246392]
opt: [ 217.21950269   -7.04745258    8.00094312] sse: 4.56881004099e-06 p1: [ 275.93666064   -6.61100242    7.41462493]
opt: [ 216.86529622   -2.58243588    3.5548995 ] sse: 4.57090037027e-06 p1: [  2.05892703e+02   1.77902847e-02   2.32931574e+00]
opt: [  3.59982729e+02   3.36918012e+00   3.39377357e-01] sse: 4.57459262555e-06 p1: [ 313.69190572    3.39899562    0.33806055]
opt: [  3.57168441e+02   4.73380196e+00   2.67343947e-03] sse: 4.57476241306e-06 p1: [  3.57168441e+02   4.73380196e+00   2.67343947e-03]
opt: [ 324.   -36.    23.5] sse: 4.57476242384e-06 p1: [ 324.   -36.    23.5]
opt: [ 252.   -72.    17.5] sse: 4.57476242384e-06 p1: [ 252.   -72.    17.5]
opt: [ 324.   -72.    11.5] sse: 4.57476242384e-06 p1: [ 324.   -72.    11.5]
opt: [ 108.   -36.    23.5] sse: 4.57476242384e-06 p1: [ 108.   -36.    23.5]
opt: [ 180.   -72.    11.5] sse: 4.57476242384e-06 p1: [ 180.   -72.    11.5]
opt: [ 108.   -72.    11.5] sse: 4.57476242384e-06 p1: [ 108.   -72.    11.5]
opt: [ 252.   -36.    17.5] sse: 4.57476242384e-06 p1: [ 252.   -36.    17.5]
opt: [ 108.   -36.    11.5] sse: 4.57476242384e-06 p1: [ 108.   -36.    11.5]
opt: [ 36.  -72.   11.5] sse: 4.57476242384e-06 p1: [ 36.  -72.   11.5]
opt: [ 108.   -72.    20.5] sse: 4.57476242384e-06 p1: [ 108.   -72.    20.5]
opt: [ 20.21304077 -17.90682732   4.12384488] sse: 4.57476242384e-06 p1: [ 20.21304077 -17.90682732   4.12384488]
opt: [ 316.8248256   -27.93242366    3.53828731] sse: 4.57476242384e-06 p1: [ 316.8248256   -27.93242366    3.53828731]
opt: [ 180.   -36.    11.5] sse: 4.57476242384e-06 p1: [ 180.   -36.    11.5]
opt: [ 252.   -36.    11.5] sse: 4.57476242384e-06 p1: [ 252.   -36.    11.5]
opt: [  7.56688332e+01   8.89227361e+01   8.82224780e-04] sse: 4.57476243168e-06 p1: [  -0.44364004  107.34531548    0.1562091 ]
opt: [  1.04857946e+02   8.74820278e+01  -1.01792387e-02] sse: 4.57476347992e-06 p1: [  1.04857946e+02   8.74820278e+01  -1.01792387e-02]
opt: [ 17.12062402  10.40833956   0.21492014] sse: 4.57477304381e-06 p1: [ 16.07000941  10.41052145   0.2149232 ]
opt: [  2.72991940e+01   5.71738831e+01   4.04616427e-02] sse: 4.57477392937e-06 p1: [  2.72991940e+01   5.71738831e+01   4.04616427e-02]
opt: [  3.59070802e+02   2.42772029e+01   1.23425538e-01] sse: 4.57480998661e-06 p1: [  2.77552363e+02   2.43292565e+01   1.23543583e-01]
opt: [  1.29364682  61.13035417   0.2819367 ] sse: 4.57964706464e-06 p1: [ 151.01502883   71.71596396    0.29515816]

inc: 65.5910420392 spot # 2
residual lightcurve:
[ 0.99988089  0.99986674  0.99985468  0.99984478  0.99983708  0.99983164
  0.99982847  0.99982758  0.99982898  0.99983265  0.99983857  0.9998467
  0.99985699  0.99986938  0.9998838   0.99990017  0.9999184   0.99993837
  0.99995998  0.99998309  1.00000758  1.00003329  1.00006008  1.0000878
  1.00011627  1.00014534  1.00017483  1.00020456  1.00023438  1.00026408
  1.00029351  1.00032248  1.00035081  1.00037672  1.00038488  1.00036635
  1.00032045  1.00024985  1.0001592   1.00005426  0.9999414   0.99982715
  0.99971786  0.99961939  0.99953687  0.99947452  0.99943548  0.99942169
  0.99943384  0.99947134  0.99953231  0.99961371  0.99971138  0.99982025
  0.99993449  1.00004779  1.00015361  1.00024556  1.00031779  1.00036556
  1.00038599  1.00037943  1.00035379  1.00032502  1.00029556  1.00026558
  1.0002353   1.0002049   1.00017457  1.00014452  1.00011492  1.00008595
  1.00005781  1.00003066  1.00000466  0.99997997  0.99995674  0.9999351
  0.99991517  0.99989706]

best fits:
opt: [ 211.63407167  -62.08559013    8.24244521] sse: 3.10565594632e-06 p1: [ 207.13394551  -58.26709853    2.29437724]
opt: [ 31.12714289 -50.15209818   2.64573471] sse: 4.84063520285e-06 p1: [ 31.54527225 -67.3964415    1.97282676]
opt: [ 31.13595743 -80.69971747  21.50041733] sse: 4.84450847143e-06 p1: [ 33.72732291 -78.32444321  19.24549695]
opt: [ 360.45953922  -53.22472466    2.42557189] sse: 5.06494678589e-06 p1: [ 362.74628367  -52.17308002    2.31195255]
opt: [ 360.44571739  -80.54680005   20.48188393] sse: 5.06652553688e-06 p1: [ 361.47646485  -80.55033684   20.51014901]
opt: [ 360.43107924  -47.68403661    1.91090647] sse: 5.071937021e-06 p1: [ 362.68657872  -41.85361712    1.31307547]
opt: [ 360.42148105  -47.38580474    1.89450369] sse: 5.07245663411e-06 p1: [ 357.15418961  -46.1720013     1.75319875]
opt: [  3.60209696e+02  -7.61001776e-02   7.02883512e-01] sse: 5.15592166314e-06 p1: [ 357.894858     21.83465341    0.65228606]
opt: [ 212.2896955   -79.7033845     4.07401752] sse: 5.23614161498e-06 p1: [ 212.2896955   -79.7033845     4.07401752]
opt: [ 31.19837324 -89.99015802   2.4270233 ] sse: 5.23614161498e-06 p1: [ 31.19837324 -89.99015802   2.4270233 ]

inc: 1.18171325953 spot # 2
residual lightcurve:
[ 0.99988089  0.99986674  0.99985468  0.99984478  0.99983708  0.99983164
  0.99982847  0.99982758  0.99982898  0.99983265  0.99983857  0.9998467
  0.99985699  0.99986938  0.9998838   0.99990017  0.9999184   0.99993837
  0.99995998  0.99998309  1.00000758  1.00003329  1.00006008  1.0000878
  1.00011627  1.00014534  1.00017483  1.00020456  1.00023438  1.00026408
  1.00029351  1.00032248  1.00035081  1.00037672  1.00038488  1.00036636
  1.00032045  1.00024985  1.0001592   1.00005426  0.9999414   0.99982716
  0.99971787  0.99961939  0.99953687  0.99947452  0.99943548  0.99942169
  0.99943384  0.99947134  0.99953231  0.99961371  0.99971138  0.99982025
  0.99993449  1.00004779  1.00015361  1.00024556  1.00031779  1.00036556
  1.00038599  1.00037943  1.00035379  1.00032502  1.00029556  1.00026558
  1.0002353   1.0002049   1.00017457  1.00014452  1.00011492  1.00008595
  1.00005781  1.00003066  1.00000466  0.99997997  0.99995674  0.9999351
  0.99991517  0.99989707]

best fits:
opt: [ 31.87338701  -5.00849644   6.89396377] sse: 5.20311026501e-06 p1: [ 49.34958983  -2.87383452   4.59088675]
opt: [  3.16662961e+02   3.45158923e+00   2.16733038e-01] sse: 5.23613817724e-06 p1: [  3.26051608e+02   8.01911196e+01   2.64232920e-01]
opt: [ 108.   -72.    11.5] sse: 5.23614161499e-06 p1: [ 108.   -72.    11.5]
opt: [ 36.  -36.   14.5] sse: 5.23614161499e-06 p1: [ 36.  -36.   14.5]
opt: [ 36.  -36.   11.5] sse: 5.23614161499e-06 p1: [ 36.  -36.   11.5]
opt: [ 108.   -72.    20.5] sse: 5.23614161499e-06 p1: [ 108.   -72.    20.5]
opt: [ 180.   -72.    14.5] sse: 5.23614161499e-06 p1: [ 180.   -72.    14.5]
opt: [ 180.   -36.    11.5] sse: 5.23614161499e-06 p1: [ 180.   -36.    11.5]
opt: [ 36.  -72.   20.5] sse: 5.23614161499e-06 p1: [ 36.  -72.   20.5]
opt: [ 108.   -36.    17.5] sse: 5.23614161499e-06 p1: [ 108.   -36.    17.5]
opt: [ 36.  -72.   23.5] sse: 5.23614161499e-06 p1: [ 36.  -72.   23.5]
opt: [ 108.   -36.    11.5] sse: 5.23614161499e-06 p1: [ 108.   -36.    11.5]
opt: [ 180.   -36.    20.5] sse: 5.23614161499e-06 p1: [ 180.   -36.    20.5]
opt: [ 252.   -72.    11.5] sse: 5.23614161499e-06 p1: [ 252.   -72.    11.5]
opt: [ 36.  -72.   11.5] sse: 5.23614161499e-06 p1: [ 36.  -72.   11.5]
opt: [ 218.71445769  -56.36368083    0.75512189] sse: 5.23614161499e-06 p1: [ 228.78901207   42.44473895    0.46458551]
opt: [ 252.   -72.    17.5] sse: 5.23614161499e-06 p1: [ 252.   -72.    17.5]
opt: [ 324.   -72.    11.5] sse: 5.23614161499e-06 p1: [ 324.   -72.    11.5]
opt: [  6.52978819e+01   6.41013279e+01  -4.23460008e-05] sse: 5.23614161499e-06 p1: [  6.52978819e+01   6.41013279e+01  -4.23460008e-05]
opt: [ 15.32127359  12.47710605   0.05214645] sse: 5.2361416231e-06 p1: [ 15.32127359  12.47710605   0.05214645]
opt: [  3.13645981e+02   4.86560217e+00   1.91466192e-01] sse: 5.23614170183e-06 p1: [ 236.86332729   27.97398504    0.2673432 ]
opt: [ 50.76001829  26.41835522   0.05280368] sse: 5.23614257944e-06 p1: [ 224.75414538   23.23723895    0.62414918]
opt: [  2.90721387e+02   1.49363547e+01   1.01285919e-01] sse: 5.23614566186e-06 p1: [  2.91131830e+02   1.52952136e+01   1.01938103e-01]
opt: [ 13.31769818  23.53691606   0.0858899 ] sse: 5.2361467113e-06 p1: [ 224.19574476   28.42657196    0.43872676]
opt: [ 22.23579928  15.04522466   0.14863914] sse: 5.23616245029e-06 p1: [ 88.83198154  15.24556834   0.14960414]
opt: [  3.59540028e+02   2.70622565e+01   1.48548044e-01] sse: 5.23621043774e-06 p1: [  3.56976779e+02   2.71457985e+01   1.48779881e-01]
opt: [  3.59984634e+02   4.17091721e+01   1.23741808e-01] sse: 5.23622053686e-06 p1: [ 239.27217719   38.86487789    0.35602019]
opt: [  1.42757033  19.84468019   0.22461372] sse: 5.23633918008e-06 p1: [ 264.38739598   42.34041636    0.2879588 ]
opt: [  3.59972383e+02   3.62284242e+01   2.15921139e-01] sse: 5.23670416678e-06 p1: [ 190.19334463   55.61738446    0.24825387]
opt: [  2.4857341   67.17099185   0.20146207] sse: 5.23744496266e-06 p1: [  5.881151    76.59015225   0.20829074]

inc: 65.7339436111 spot # 2
residual lightcurve:
[ 0.99988105  0.99986706  0.99985517  0.99984542  0.99983789  0.99983259
  0.99982956  0.99982881  0.99983034  0.99983412  0.99984015  0.99984838
  0.99985877  0.99987126  0.99988578  0.99990224  0.99992055  0.99994059
  0.99996225  0.9999854   1.0000099   1.00003561  1.00006238  1.00009006
  1.00011847  1.00014746  1.00017685  1.00020648  1.00023617  1.00026573
  1.00029501  1.00032381  1.00035196  1.0003777   1.00038568  1.00036699
  1.00032093  1.00025017  1.00015936  1.00005426  0.99994124  0.99982683
  0.99971738  0.99961875  0.99953607  0.99947357  0.99943439  0.99942046
  0.99943247  0.99946984  0.9995307   0.99961199  0.99970956  0.99981835
  0.99993251  1.00004575  1.00015152  1.00024343  1.00031564  1.0003634
  1.00038384  1.00037729  1.00035168  1.00032296  1.00029355  1.00026365
  1.00023345  1.00020314  1.00017292  1.00014298  1.0001135   1.00008468
  1.00005668  1.00002967  1.00000383  0.9999793   0.99995623  0.99993475
  0.99991499  0.99989706]

best fits:
opt: [ 211.67345453  -62.18823225    8.21927394] sse: 3.09648550322e-06 p1: [ 214.67629642  -36.36866487    1.83045883]
opt: [ 30.84562543 -50.45068379   2.64964058] sse: 4.84759874904e-06 p1: [ 97.09678653  79.97848791   0.13168151]
opt: [ 30.86322615 -80.6695333   21.32131571] sse: 4.85140891073e-06 p1: [ 30.8657091  -80.69132441  21.34056208]
opt: [ 360.43668975  -53.25934773    2.40919746] sse: 5.06643072417e-06 p1: [ 362.52735658  -52.20834348    2.30841669]
opt: [ 360.44094263  -80.82501515   20.58776761] sse: 5.06793044378e-06 p1: [ 359.59176635  -80.81257238   20.65051463]
opt: [ 360.22835942  -13.03924454    0.849411  ] sse: 5.13741812324e-06 p1: [ 357.50940721   22.21713107    0.64772311]
opt: [ 212.49057785  -80.27343334    4.09844648] sse: 5.23671916988e-06 p1: [ 212.49057785  -80.27343334    4.09844648]
opt: [ 31.31427322 -67.87335229   1.96506953] sse: 5.23671916988e-06 p1: [ 31.31427322 -67.87335229   1.96506953]
opt: [  1.01531217e+02   8.99959431e+01   2.85141102e-02] sse: 5.23671939889e-06 p1: [  9.72967769e+01   6.42765650e+01   2.77298652e-02]

inc: -1.15280193097 spot # 2
residual lightcurve:
[ 0.99988134  0.99986783  0.99985641  0.99984712  0.99984003  0.99983517
  0.99983255  0.99983221  0.99983413  0.99983832  0.99984473  0.99985335
  0.9998641   0.99987693  0.99989175  0.99990848  0.99992701  0.99994723
  0.99996903  0.99999226  1.0000168   1.00004251  1.00006922  1.00009678
  1.00012503  1.00015381  1.00018294  1.00021227  1.0002416   1.00027078
  1.00029963  1.00032797  1.00035564  1.00038087  1.00038832  1.00036909
  1.00032248  1.00025118  1.00015984  1.00005424  0.99994073  0.99982585
  0.99971593  0.99961684  0.99953371  0.99947077  0.99943116  0.99941683
  0.99942846  0.99946547  0.99952598  0.99960696  0.99970426  0.99981279
  0.99992675  1.0000398   1.00014543  1.00023723  1.00030937  1.0003571
  1.00037754  1.00037105  1.00034552  1.00031692  1.00028767  1.00025797
  1.000228    1.00019796  1.00016804  1.00013842  1.0001093   1.00008086
  1.00005326  1.00002668  1.00000128  0.99997721  0.9999546   0.9999336
  0.99991432  0.99989687]

best fits:
opt: [ 33.41835706  -9.34336559  11.08889987] sse: 5.19758931338e-06 p1: [ 35.45658761  -8.5550546    9.82532822]
opt: [ 33.17776791  -4.00071575   5.90567125] sse: 5.2095105625e-06 p1: [ 30.33285916  -2.34893168   1.6166698 ]
opt: [ 32.43727372  -3.68460755   5.61055559] sse: 5.21042054583e-06 p1: [ 69.91329896   0.21225024   2.49455057]
opt: [ 210.07174803   -3.77135158    5.64612656] sse: 5.21709849905e-06 p1: [ 214.04099672   -0.6094602     1.57732063]
opt: [  3.35707090e+01  -1.13694890e-02   9.76083374e-01] sse: 5.23590388441e-06 p1: [ 241.28820601    3.73323741    1.10405405]
opt: [ 110.65191754    1.55424352    0.43090764] sse: 5.24269664415e-06 p1: [ 136.346845      5.05816767    0.32927423]
opt: [ 113.53513133    3.84580859    0.21233895] sse: 5.24287764761e-06 p1: [ 65.10856828   7.62060114   0.20043585]
opt: [ 108.   -36.    17.5] sse: 5.24292658066e-06 p1: [ 108.   -36.    17.5]
opt: [ 36.  -72.   20.5] sse: 5.24292658066e-06 p1: [ 36.  -72.   20.5]
opt: [ 232.62818105  -19.82994953    1.65842401] sse: 5.24292658066e-06 p1: [ 232.62818105  -19.82994953    1.65842401]
opt: [ 36.  -72.   11.5] sse: 5.24292658066e-06 p1: [ 36.  -72.   11.5]
opt: [ 252.   -36.    23.5] sse: 5.24292658066e-06 p1: [ 252.   -36.    23.5]
opt: [ 36.  -36.   11.5] sse: 5.24292658066e-06 p1: [ 36.  -36.   11.5]
opt: [ 252.   -72.    11.5] sse: 5.24292658066e-06 p1: [ 252.   -72.    11.5]
opt: [ 180.   -72.    11.5] sse: 5.24292658066e-06 p1: [ 180.   -72.    11.5]
opt: [ 252.   -72.    17.5] sse: 5.24292658066e-06 p1: [ 252.   -72.    17.5]
opt: [ 324.   -36.    11.5] sse: 5.24292658066e-06 p1: [ 324.   -36.    11.5]
opt: [ 38.92418892 -15.17301633   1.86881657] sse: 5.24292658066e-06 p1: [ 38.92418892 -15.17301633   1.86881657]
opt: [ 324.   -72.    14.5] sse: 5.24292658066e-06 p1: [ 324.   -72.    14.5]
opt: [ 252.   -36.    17.5] sse: 5.24292658066e-06 p1: [ 252.   -36.    17.5]
opt: [ 180.   -36.    11.5] sse: 5.24292658066e-06 p1: [ 180.   -36.    11.5]
opt: [ 108.   -72.    23.5] sse: 5.24292658066e-06 p1: [ 108.   -72.    23.5]
opt: [ 108.   -72.    11.5] sse: 5.24292658066e-06 p1: [ 108.   -72.    11.5]
opt: [ 180.   -36.    14.5] sse: 5.24292658066e-06 p1: [ 180.   -36.    14.5]
opt: [ 100.67535171  -14.66251711    2.21641041] sse: 5.24292658066e-06 p1: [ 100.67535171  -14.66251711    2.21641041]
opt: [ 36.  -36.   17.5] sse: 5.24292658066e-06 p1: [ 36.  -36.   17.5]
opt: [  2.69022368e+02   6.01883652e+01  -1.48188975e-03] sse: 5.2429265869e-06 p1: [  8.60405234e+01   6.04880034e+01  -4.44518871e-02]
opt: [  2.27711177e+02   2.30397492e+01   8.80858116e-03] sse: 5.24292670438e-06 p1: [  2.83164886e+02   2.29430215e+01  -1.41852308e-01]
opt: [  2.20570651e+02   8.51138405e+01   3.02791979e-02] sse: 5.24292945861e-06 p1: [  2.20570651e+02   8.51138405e+01   3.02791979e-02]
opt: [ 67.1305909   26.84213523   0.08152358] sse: 5.24292994844e-06 p1: [  1.97200786e+02   2.69363061e+01   8.16761074e-02]

inc: 90.0038814768 spot # 2
residual lightcurve:
[ 0.99987522  0.99986102  0.99984902  0.9998393   0.99983191  0.99982687
  0.99982422  0.99982395  0.99982605  0.99983051  0.99983728  0.9998463
  0.99985752  0.99987084  0.99988619  0.99990346  0.99992253  0.99994329
  0.9999656   0.99998932  1.00001432  1.00004043  1.00006751  1.00009539
  1.00012391  1.0001529   1.0001822   1.00021163  1.00024102  1.00027022
  1.00029904  1.00032732  1.00035491  1.00038003  1.00038737  1.00036802
  1.00032131  1.00024994  1.00015855  1.00005294  0.99993949  0.99982474
  0.99971503  0.99961623  0.99953349  0.99947102  0.99943196  0.99941824
  0.99943056  0.99946829  0.99952957  0.99961133  0.99970941  0.9998187
  0.99993339  1.00004712  1.00015336  1.0002457   1.00031827  1.00036632
  1.00038697  1.00038054  1.00035496  1.00032616  1.00029657  1.0002664
  1.00023583  1.00020507  1.00017432  1.00014378  1.00011365  1.00008413
  1.00005542  1.00002769  1.00000114  0.99997593  0.99995222  0.99993016
  0.99990989  0.99989154]

best fits:
opt: [  2.11639244e+02  -3.16600236e-03   1.15863555e+00] sse: 4.91695160063e-06 p1: [ 210.40041526  -73.91816283   -0.3328139 ]
opt: [  2.11643599e+02  -1.90189453e-01   1.15866498e+00] sse: 4.91695344038e-06 p1: [ 209.63258984  -73.10898399    2.08327813]
opt: [ 211.64620293    0.23312905    1.1586485 ] sse: 4.91695381786e-06 p1: [ 205.91872873   62.85139344    1.66454458]
opt: [ 211.6195254    -0.28231771    1.15852812] sse: 4.91695586693e-06 p1: [ 215.65738113  -21.07678987    1.19351615]
opt: [ 211.64309507    0.45682471    1.15823971] sse: 4.91696074573e-06 p1: [ 205.75681509  -62.81688236    1.66361527]
opt: [ 211.64066383   -0.51884111    1.15868192] sse: 4.91696429914e-06 p1: [ 149.88249771  -89.86467219    2.5962193 ]
opt: [  2.11640205e+02   8.96889928e-02   1.15538971e+00] sse: 4.91696472431e-06 p1: [ 210.36322518   73.91869786   -0.33601082]
opt: [  2.12083262e+02   9.69509093e-02   1.13401471e+00] sse: 4.91781789037e-06 p1: [  2.12083643e+02  -1.51148877e-01   1.13401143e+00]
opt: [ 211.60980156  -19.59299942    1.19264998] sse: 4.93370449959e-06 p1: [ 52.17737104 -90.03626305   4.21021502]
opt: [ 30.95092407  -0.1537104    1.07783674] sse: 5.01831778356e-06 p1: [ 26.99417292 -43.41017036   1.31445739]
opt: [ 30.9483189   -0.60622612   1.07831162] sse: 5.01832013275e-06 p1: [ 26.6168862  -28.78427963   1.1558736 ]
opt: [  3.08986703e+01   9.12011786e-03   1.07705706e+00] sse: 5.01832017244e-06 p1: [ 30.89161528  -1.36297037   1.07703048]
opt: [ 30.94814625   0.8507228    1.07833672] sse: 5.01832208181e-06 p1: [ 30.58936863  62.75539874   1.66377058]
opt: [ 30.94787131  -1.32348705   1.07843639] sse: 5.01832994535e-06 p1: [ 32.19652987 -75.4518042    2.71928614]
opt: [ 30.96422526   3.41280721   1.0794766 ] sse: 5.01839673701e-06 p1: [ 32.19740916  75.44347851   2.7193081 ]
opt: [ 31.17708311  27.85846001   1.16380626] sse: 5.02346317422e-06 p1: [ 51.94248795  90.34816237   2.64863526]
opt: [ 30.67346687 -33.88216487   1.20814741] sse: 5.02571378452e-06 p1: [ 12.99786066 -89.96974158   3.33297092]
opt: [ 360.36734216  -59.2531693     1.18463644] sse: 5.23110224338e-06 p1: [ 361.12403728  -64.23951403    1.11990764]
opt: [ 360.36358904   60.26679774    1.19671784] sse: 5.23131867901e-06 p1: [ 361.02814628   64.62415536    1.13370444]
opt: [ 360.00067163   90.19968717    2.14338366] sse: 5.32300243194e-06 p1: [ 52.19963677  90.03575812   4.21535463]
opt: [ 359.99983764   89.71768273    2.49411275] sse: 5.32372169733e-06 p1: [ 12.93589576  89.96983597   3.3386518 ]
opt: [ 359.99615027  -88.92394782    3.45312905] sse: 5.33225866466e-06 p1: [ 357.58909814  -88.81991111    5.33793887]
opt: [ 359.97842753  -89.84110718    3.37776029] sse: 5.33635075394e-06 p1: [ 56.96567983 -89.96437456   4.48739527]
opt: [ 359.9600346   -89.56015373    3.48907719] sse: 5.33825213626e-06 p1: [ 349.82165043  -89.60362547    3.61331791]
opt: [ 359.89702276   89.57764581    3.51414371] sse: 5.33893953456e-06 p1: [ 349.61774825   89.61469133    3.63062511]

best final fit:
[13.175618886747657, array([ 105.66766714,  -90.75508892,  102.42035505]), array([ 213.10850835,  -47.2213665 ,   41.06565213])]
sse: 2.86710213252e-06
intensity:
[ 0.97895877  0.9790289   0.97910064  0.97917362  0.97924746  0.9793218
  0.97939627  0.97947051  0.97954415  0.97961685  0.97968828  0.97975811
  0.97982605  0.9798918   0.9799551   0.98001571  0.98007342  0.98012803
  0.98017938  0.98022732  0.98027174  0.98031252  0.98034951  0.98038177
  0.98038073  0.98034822  0.98031109  0.98027018  0.98022563  0.98017756
  0.98012609  0.98007136  0.98001354  0.97995186  0.97988232  0.97980346
  0.97971547  0.97961937  0.97951668  0.97940925  0.97929911  0.97918836
  0.97907908  0.97897322  0.97887259  0.97877875  0.978693    0.9786163
  0.97854932  0.97849235  0.97844536  0.97840797  0.9783795   0.97835898
  0.9783452   0.97833678  0.97833223  0.97833002  0.97832867  0.97832691
  0.97832377  0.97831881  0.97831253  0.97830755  0.97830765  0.97831314
  0.97832399  0.97834015  0.97836153  0.97838801  0.97841946  0.97845571
  0.97849656  0.97854181  0.9785912   0.97864448  0.97870136  0.97876156
  0.97882475  0.9788906 ]

lightcurve:
[ 0.97889497  0.97895676  0.97902163  0.97908919  0.979159    0.97923062
  0.9793036   0.9793775   0.97945184  0.97952618  0.97960005  0.97967301
  0.9797446   0.97981439  0.97988197  0.97994692  0.98000885  0.9800674
  0.98012221  0.98017297  0.98021936  0.98026113  0.98029801  0.9803298
  0.98035631  0.98037738  0.9803929   0.98040276  0.98040692  0.98040535
  0.98039805  0.98038507  0.9803665   0.98034082  0.98029302  0.98021452
  0.98010497  0.97996747  0.97980705  0.97962991  0.97944286  0.97925289
  0.9790668   0.97889092  0.97873088  0.97859136  0.97847597  0.97838714
  0.97832602  0.97829246  0.97828505  0./Library/Frameworks/Python.framework/Versions/6.2/lib/python2.6/site-packages/scipy/optimize/minpack.py:316: RuntimeWarning: Number of calls to function has reached maxfev = 1600.
  warnings.warn(errors[info][0], RuntimeWarning)
97830114  0.97833702  0.97838796
  0.97844853  0.97851273  0.97857434  0.97862724  0.97866584  0.97868559
  0.97868381  0.97866097  0.97862508  0.97859218  0.97856471  0.97854285
  0.97852674  0.97851649  0.97851217  0.97851381  0.97852139  0.97853486
  0.97855414  0.9785791   0.97860958  0.97864538  0.97868627  0.97873198
  0.97878222  0.97883667]

best fits:
opt: [57.458406830548633, [306.90190524911736, 88.457154879025225, 20.286636317924859], [211.66722110236856, -59.149376075228943, 16.425447136362283]] sse: 1.62072772281e-11 p0: [65.59104203924386, [284.28681370958321, 88.818288138483439, 23.591810774611218], [211.63407167252046, -62.085590133864159, 8.2424452102568502]]


tparams: [49.05013032077035, [307.01483424957928, 88.017254301324812, 18.098959434548753], [211.67932637679968, -59.990903741802775, 24.311888819853824]]
final param sets:
params:  [57.458406830548633, [306.90190524911736, 88.457154879025225, 20.286636317924859], [211.66722110236856, -59.149376075228943, 16.425447136362283]]
pdists:  [0.18685058910618405, 0.12510719824110983, 0.45075080662847367]
