/Library/Frameworks/Python.framework/Versions/6.2/lib/python2.6/site-packages/scipy/optimize/minpack.py:316: RuntimeWarning: Number of calls to function has reached maxfev = 20.
  warnings.warn(errors[info][0], RuntimeWarning)
/Library/Frameworks/Python.framework/Versions/6.2/lib/python2.6/site-packages/scipy/optimize/minpack.py:316: RuntimeWarning: Number of calls to function has reached maxfev = 1000.
  warnings.warn(errors[info][0], RuntimeWarning)
/Library/Frameworks/Python.framework/Versions/6.2/lib/python2.6/site-packages/scipy/optimize/minpack.py:316: RuntimeWarning: Number of calls to function has reached maxfev = 800.
  warnings.warn(errors[info][0], RuntimeWarning)
['lcmultifit.py', '2']
tparams: [72.921878327768709, [180.24821066322104, 19.215409500291713, 15.399873961080205], [224.58279539730961, 10.742681264304522, 11.860748886020794]]

first spot
lightcurve:
[ 1.          1.          1.          1.          1.          1.          1.
  1.          1.          1.          1.          1.          1.          1.
  1.          0.99999915  0.99992885  0.99968504  0.99921949  0.99850869
  0.99754631  0.99634413  0.99493786  0.99342025  0.9918978   0.99037598
  0.98885539  0.98732249  0.98567416  0.98385613  0.98186313  0.97972092
  0.97749392  0.97531854  0.97325662  0.97132614  0.96954572  0.96793406
  0.96650931  0.96528841  0.96428646  0.96351615  0.96298721  0.96270607
  0.96267558  0.96289489  0.96335949  0.96406144  0.96498966  0.96613043
  0.96746793  0.96898487  0.97066315  0.97248456  0.97443133  0.97648675
  0.97863557  0.98086436  0.98315797  0.98540865  0.98750183  0.98938675
  0.9910395   0.99245668  0.99365397  0.99467271  0.99560891  0.9965443
  0.99748352  0.99836225  0.99907371  0.99958066  0.99987872  0.99999233
  1.          1.          1.          1.          1.          1.        ]

best fits:
opt: [  89.29358191  196.3460104    56.55752984   27.05495068] sse: 5.18376048953e-06 p1: [  83.86256606  196.50221718   52.39024921   23.68062842]
opt: [  33.44246597  196.34601018    0.70641157   27.05495522] sse: 5.18376048953e-06 p1: [  33.44522063  196.34557136    0.71233883   27.0500462 ]
opt: [  90.34150764  196.34722356  -56.77141576   27.30467627] sse: 5.20493437055e-06 p1: [ 104.63030325  196.31391316  -42.40372907   20.41939118]
opt: [  30.18878381  196.34174802  -20.27693266   42.13482632] sse: 5.26603250525e-06 p1: [  30.14032609  196.34407433  -20.33588416   42.18097124]
opt: [  69.72305626  196.3417479   -59.81121611   42.13483446] sse: 5.26603250526e-06 p1: [  72.53753897  196.13433697  -60.34978883   40.33694031]
opt: [  87.6312038    16.41184686  123.16727238   26.4175669 ] sse: 8.7724581979e-06 p1: [  74.03975897   12.15665707  143.09198765   20.17492104]

inc: 89.2935819138 spot # 2
residual lightcurve:
[ 1.          1.          1.          1.          1.          1.          1.
  1.          1.          1.          1.          1.00000006  1.00000972
  1.00005064  1.00014258  1.00030417  1.0004856   1.00060042  1.00061616
  1.0005227   1.0003243   1.00004021  0.99971032  0.99942828  0.99929838
  0.99932046  0.99948541  0.99976599  1.00004155  1.0002366   1.00032112
  1.00029269  1.00018454  1.00009931  1.00006312  1.00005687  1.0000595
  1.00005383  1.00004176  1.0000269   1.00001235  1.00000052  0.999993
  0.99999046  0.99999263  0.99999829  1.00000534  1.00001091  1.00001145
  1.00000299  0.9999813   0.9999421   0.99988175  0.9998122   0.99975647
  0.99973527  0.99976946  0.99987998  1.00008359  1.00030156  1.00044501
  1.00048535  1.00041717  1.00025182  1.00001577  0.999757    0.99957461
  0.99955026  0.99968526  0.99990871  1.00010404  1.00022132  1.00024097
  1.00017029  1.00006922  1.0000167   1.00000073  1.          1.          1.        ]

best fits:
opt: [ 174.59470248   79.7903517     1.1062822 ] sse: 5.17341875673e-06 p1: [ 167.24837725   87.94322079    1.84834059]
opt: [ 174.40186641   76.24887654    0.95997447] sse: 5.17342242107e-06 p1: [ 175.52947952   58.0087618     0.61589502]
opt: [ 174.60109472   75.17762517    0.92212825] sse: 5.17350531116e-06 p1: [ 109.68933449   57.51609545    0.23794987]
opt: [ 174.37037164   71.41396408    0.81279972] sse: 5.17391812932e-06 p1: [  1.75070521e+02  -5.49930587e+00  -1.05394015e-01]
opt: [ 174.83220306   82.31505914    1.20758946] sse: 5.17411120554e-06 p1: [ 150.6163445    88.35660808    2.40201886]
opt: [ 173.5342454    65.61298548    0.66597655] sse: 5.17486317633e-06 p1: [ 177.51319249   71.5874287    -0.5819141 ]
opt: [ 175.04367413   84.25151205    1.25143955] sse: 5.17575066597e-06 p1: [ 313.5736258    89.30331271    2.72572763]
opt: [ 173.09487242  -65.68820986    0.69813515] sse: 5.17710305406e-06 p1: [ 177.2081587   -66.5940333     0.68688453]
opt: [ 173.45347591  -62.96067016    0.65071888] sse: 5.17715670219e-06 p1: [  1.75784518e+02  -7.69171235e+01   1.61831888e-01]
opt: [ 172.48169353  -71.49603749    0.79660884] sse: 5.17733880228e-06 p1: [ 135.36808012  -84.18506157    2.01963846]
opt: [ 234.18137233    7.25548382    0.30046068] sse: 5.18194198936e-06 p1: [ 237.31740194   26.05746517    0.30412011]
opt: [ 234.19547114    9.73321928    0.30156229] sse: 5.18195837395e-06 p1: [ 160.97165039   61.17843309   -0.52021635]
opt: [ 234.14038507   -1.70451503    0.23876701] sse: 5.18216854728e-06 p1: [  2.43899511e+02  -6.74200859e+01  -1.88912120e-01]
opt: [ 242.18676569  -83.71744719    0.96783196] sse: 5.18221390247e-06 p1: [ 249.61776335  -88.26560934    3.84494257]
opt: [ 233.57799548  -87.68748522    1.40345396] sse: 5.18286007467e-06 p1: [ 134.87050334  -88.46254273    1.81259618]
opt: [ 145.51030985  -87.81136795    0.55298883] sse: 5.18342152295e-06 p1: [ 67.91912903 -86.53877681   1.11517889]
opt: [  1.73348377e+02   7.31132800e+01   2.47433377e-02] sse: 5.18374461426e-06 p1: [  1.46384890e+02   7.14546229e+01   2.55174462e-02]
opt: [  1.60255748e+02  -8.47531258e+01   2.13591423e-02] sse: 5.1837590426e-06 p1: [  1.14279439e+02  -8.10661543e+01   2.08793522e-02]
opt: [  2.24764695e+02  -8.88863230e+01   1.46923894e-02] sse: 5.18376027013e-06 p1: [  3.01211538e+02  -8.16845012e+01  -2.65153423e-02]
opt: [  3.05365760e+02  -8.94243979e+01   4.89023722e-02] sse: 5.18376048953e-06 p1: [  3.20420152e+02  -1.77983375e+01   6.24235684e-02]
opt: [ 288.56757198  -89.73374158    0.50772752] sse: 5.18376063242e-06 p1: [ 321.00970594  -87.38867947    2.32434576]
opt: [  2.89846769e+02  -8.50791625e+01   1.12783050e-02] sse: 5.18376095548e-06 p1: [ 245.38635116  -87.49472228    2.25036611]
opt: [  1.65561430e+01   8.98268656e+01   1.80154224e-02] sse: 5.18376198677e-06 p1: [ 27.01791289  89.15367189   2.99995222]
opt: [  2.95217380e+02   8.89350828e+01   4.47726130e-02] sse: 5.18376302781e-06 p1: [  3.22843704e+02   5.66179559e+01   6.92150474e-02]
opt: [  2.02351421e+01   8.95289739e+01   2.65409310e-02] sse: 5.1837646774e-06 p1: [ -0.8959454   91.34906814   1.48756552]
opt: [ 180.33597399  -89.74352681    0.92356925] sse: 5.18376501703e-06 p1: [ 180.26735681  -86.82621122    1.64955266]
opt: [ 187.01224504  -89.51784532    1.11559958] sse: 5.1837770267e-06 p1: [ 127.83767855  -86.97955133    3.58423813]
opt: [  0.88589235 -90.00320488   0.9171226 ] sse: 5.18378500241e-06 p1: [  1.85646148 -90.85053323   2.92190192]
opt: [ 360.00349449  -90.17733747    3.31890239] sse: 5.20969573905e-06 p1: [ 27.96456197 -90.01570267   4.14688017]

inc: 33.4424659692 spot # 2
residual lightcurve:
[ 1.          1.          1.          1.          1.          1.          1.
  1.          1.          1.          1.          1.00000006  1.00000972
  1.00005064  1.00014258  1.00030417  1.0004856   1.00060042  1.00061616
  1.0005227   1.0003243   1.00004021  0.99971032  0.99942828  0.99929838
  0.99932046  0.99948541  0.99976599  1.00004155  1.0002366   1.00032112
  1.00029269  1.00018454  1.00009931  1.00006312  1.00005687  1.0000595
  1.00005383  1.00004176  1.0000269   1.00001235  1.00000052  0.999993
  0.99999046  0.99999263  0.99999829  1.00000534  1.00001091  1.00001145
  1.00000299  0.9999813   0.9999421   0.99988175  0.9998122   0.99975647
  0.99973527  0.99976946  0.99987998  1.00008359  1.00030156  1.00044501
  1.00048535  1.00041717  1.00025182  1.00001577  0.999757    0.99957461
  0.99955026  0.99968526  0.99990871  1.00010404  1.00022132  1.00024097
  1.00017029  1.00006922  1.0000167   1.00000073  1.          1.          1.        ]

best fits:
opt: [ 112.94840194  -43.26939906   16.52250216] sse: 4.74926158933e-06 p1: [ 112.25076171  -42.51515631   15.60054632]
opt: [ 113.00732666  -41.32104008   14.74495193] sse: 4.75079136893e-06 p1: [ 138.62119292  -24.00306677    1.19841893]
opt: [ 113.21359233  -53.54201623   26.02477836] sse: 4.77179867411e-06 p1: [ 114.72629029  -65.72018263   37.30255059]
opt: [ 236.95571471  -45.44189311   17.52193943] sse: 5.0606814045e-06 p1: [ 238.15283777  -46.23158921   18.17086736]
opt: [ 236.86642734  -40.47718169   12.94063291] sse: 5.06136206578e-06 p1: [ 238.96616852  -29.80173613    4.17279927]
opt: [ 236.61132495  -31.53080714    5.21415441] sse: 5.07573835185e-06 p1: [ 273.39948318   20.47710544    0.32678614]
opt: [ 303.20998794  -40.3643118    11.91532881] sse: 5.10023008966e-06 p1: [ 303.99094749  -38.01610818    9.68554239]
opt: [ 231.76177998  -76.82735701   47.09733103] sse: 5.10702893914e-06 p1: [ 218.10150787  -84.37364867   53.28667984]
opt: [ 175.33454399    3.1667186     0.59700178] sse: 5.17456547211e-06 p1: [ 182.51836712   -4.13356001    0.24572819]
opt: [ 243.25367132   -6.32237022    0.49345023] sse: 5.18168686883e-06 p1: [ 248.55043123    5.13592302    0.2724724 ]
opt: [ 243.19443594   -6.24052595    0.48502899] sse: 5.18169254575e-06 p1: [  2.81113309e+02   1.01247304e+01   2.11041767e-01]
opt: [ 200.29692765   20.01295188    0.21976347] sse: 5.18281096573e-06 p1: [ 242.23871626   60.35127494    0.25959111]
opt: [  2.00301707e+02   2.00859833e+01   1.36224473e-01] sse: 5.18330397713e-06 p1: [  2.63110026e+02   4.13610247e+01   1.48374427e-01]
opt: [  2.39577635e+02  -3.50677226e+00   1.57384215e-01] sse: 5.18335215705e-06 p1: [  2.18987614e+02   3.15237901e+00   1.63237737e-01]
opt: [ 180.   -72.    11.5] sse: 5.18376048953e-06 p1: [ 180.   -72.    11.5]
opt: [ 324.   -72.    11.5] sse: 5.18376048953e-06 p1: [ 324.   -72.    11.5]
opt: [ 324.   -72.    20.5] sse: 5.18376048953e-06 p1: [ 324.   -72.    20.5]
opt: [ 36.  -72.   11.5] sse: 5.18376048953e-06 p1: [ 36.  -72.   11.5]
opt: [ 253.48842591  -67.05751077   33.40993266] sse: 5.18376048953e-06 p1: [ 253.48842591  -67.05751077   33.40993266]
opt: [ 356.59902227  -41.47825175    1.04108911] sse: 5.18376048953e-06 p1: [ 294.28146424  -26.75159819    1.16827162]
opt: [  3.22205433e+01  -3.46065791e+01   1.50810334e-02] sse: 5.18376048953e-06 p1: [ 36.91457245 -10.59861221   0.1256964 ]
opt: [  2.87153643e+02  -4.91796952e+01   1.75328852e-01] sse: 5.18376048953e-06 p1: [ 195.26431846   34.23265825    0.20042023]
opt: [ 108.   -72.    11.5] sse: 5.18376048953e-06 p1: [ 108.   -72.    11.5]
opt: [ 180.   -72.    20.5] sse: 5.18376048953e-06 p1: [ 180.   -72.    20.5]
opt: [ 148.77425062  -62.8910508     0.22506434] sse: 5.18376048953e-06 p1: [  3.09519317e+02   2.20492489e+01   2.75740834e-01]
opt: [ 19.2085579  -87.81381107  54.4005507 ] sse: 5.18376048953e-06 p1: [ 19.2355962  -87.6658562   54.27114936]
opt: [ 23.74787809 -30.88767692   0.06529492] sse: 5.18376049143e-06 p1: [ 23.86930635 -30.84401034   0.25919286]
opt: [  3.11585233e+02   1.79354191e+01   5.40228376e-04] sse: 5.18376050464e-06 p1: [  1.65444835e+02   5.31146737e+01  -7.50188731e-03]
opt: [  2.24186208e-01  -1.33115597e+01   2.81617314e-03] sse: 5.18376063239e-06 p1: [  1.20103477e+01   5.60088374e+01   2.47757459e-02]

inc: 90.3415076358 spot # 2
residual lightcurve:
[ 1.          1.          1.          1.          1.          1.          1.
  1.          1.          1.          1.          1.00000012  1.0000107
  1.00005307  1.00014677  1.00031026  1.00049357  1.00061011  1.00062726
  1.00053478  1.00033683  1.00005256  0.99972179  0.99943808  0.99930565
  0.99932436  0.9994852   0.99976103  1.00003136  1.00022089  1.0002999
  1.00026634  1.00015394  1.00006595  1.0000293   1.00002602  1.00003822
  1.00004622  1.00004569  1.00004034  1.00003334  1.00002717  1.00002349
  1.00002301  1.00002547  1.00002968  1.0000335   1.00003402  1.00002764
  1.00001033  0.99997775  0.99992555  0.99985351  0.99977983  0.99972384
  0.99970489  0.99974302  0.99985848  1.00006751  1.000291    1.00043973
  1.00048489  1.00042094  1.00025909  1.00002571  0.99976875  0.99958736
  0.99956328  0.99969791  0.99992044  1.00011438  1.00022995  1.00024769
  1.00017505  1.00007213  1.00001803  1.00000096  1.          1.          1.        ]

best fits:
opt: [ 174.38364221  -77.29492415    1.0140176 ] sse: 5.19449055508e-06 p1: [ 175.95871661  -80.33338319    0.85170208]
opt: [ 174.27631771  -75.7575326     0.95336579] sse: 5.19455682341e-06 p1: [ 173.22521447  -58.19430665    0.61213836]
opt: [ 174.15622746  -73.99057224    0.89501177] sse: 5.19467958629e-06 p1: [ 175.15133881  -10.56413587    0.2583915 ]
opt: [ 174.1269279   -65.28751181    0.66734498] sse: 5.19588136377e-06 p1: [ 165.99925169  -65.15399369   -0.65641895]
opt: [ 174.70157137  -84.31758443    1.30180035] sse: 5.1965437313e-06 p1: [ 149.0074243   -89.40054003    2.90584441]
opt: [ 173.51606095   70.32984951    0.80043615] sse: 5.19681659021e-06 p1: [ 167.66980893   83.75211735    0.7079439 ]
opt: [ 173.63271379   69.20056763    0.77475972] sse: 5.1968207607e-06 p1: [ 175.64817311   62.16423892    0.67773007]
opt: [ 173.64185801   69.10682289    0.77194339] sse: 5.19682296705e-06 p1: [ 170.66996495   37.46131437    0.57659839]
opt: [ 174.06380037   65.89382068    0.69991109] sse: 5.19695443819e-06 p1: [ 173.47547161   72.52113489   -0.65532932]
opt: [ 173.01565856   77.06289221    0.96596709] sse: 5.19732010593e-06 p1: [ 177.97660163   85.62806311    2.26741243]
opt: [ 174.62776038   60.41274662    0.6087514 ] sse: 5.19739560639e-06 p1: [ 173.41341709    7.21498814    0.26359803]
opt: [ 174.64538102   58.08667797    0.57189128] sse: 5.19766712645e-06 p1: [  2.02561267e+02  -3.33858083e+00   1.48749785e-01]
opt: [ 173.9425609   -85.3630894     1.29167019] sse: 5.19797806708e-06 p1: [ 172.04508882  -90.47551431    2.87671536]
opt: [  2.34332899e+02  -1.42491183e-01   3.04733618e-01] sse: 5.20293234786e-06 p1: [ 236.97572923  -52.9233527     0.32324647]
opt: [ 234.29973139    1.55669729    0.30029037] sse: 5.20293550366e-06 p1: [ 236.43160356   41.0753337     0.30026582]
opt: [ 234.27685175   -1.09448748    0.28506953] sse: 5.20297147522e-06 p1: [ 245.22029028  -27.3451958    -0.2516662 ]
opt: [  2.34259981e+02  -5.03667301e-02   2.84611743e-01] sse: 5.20297186686e-06 p1: [ 240.58208517  -16.57993444    0.27062685]
opt: [ 242.25601486   84.77296509    0.95823144] sse: 5.20368445332e-06 p1: [ 313.00161534   87.73928473    2.12426195]
opt: [ 239.41204939   75.3641628     0.56807118] sse: 5.20376775322e-06 p1: [ 241.40601854   72.80088345    0.59489197]
opt: [  1.75289607e+02   2.86205532e+01   8.77484669e-02] sse: 5.20454065859e-06 p1: [ 130.80398868   15.87999664   -0.1323112 ]
opt: [ 129.22516379   89.19325598    0.38574888] sse: 5.20489839078e-06 p1: [ 134.38855169   63.61691465    0.65141252]
opt: [  2.39825518e+02   7.68121760e+01   3.48455707e-02] sse: 5.20492665967e-06 p1: [  3.02780587e+02   6.58472455e+01   4.12665331e-02]
opt: [ 126.87908746   89.65674388    0.36979781] sse: 5.20492714185e-06 p1: [ 115.8939908   89.708019     0.3576311]
opt: [ 52.35437567  89.89879641   0.11743975] sse: 5.20493437055e-06 p1: [ 41.84614444  12.53464081   0.14729593]
opt: [  7.87324249e+01  -8.82493494e+01   6.79696188e-03] sse: 5.20493476162e-06 p1: [  5.51505435e+01  -7.27350464e+01  -2.01367505e-02]
opt: [  3.04327821e+02  -8.94472182e+01   2.17609825e-02] sse: 5.20493478689e-06 p1: [  3.22175619e+02  -2.44389686e+01   2.72004389e-02]
opt: [  2.64308797e+02  -8.90396037e+01   3.55843120e-02] sse: 5.20493479767e-06 p1: [ 275.64028367  -89.15428201    1.04629418]
opt: [  5.74878250e+00  -8.97597134e+01   1.87233099e-02] sse: 5.20493538877e-06 p1: [ 11.67007253 -90.98357478   2.20127332]
opt: [ 38.71590986  90.00472975   0.65153818] sse: 5.20498771144e-06 p1: [ 25.89508069  89.65173577   3.70326249]
opt: [ -1.32574203e-02   8.97754741e+01   1.93193218e+00] sse: 5.21186095429e-06 p1: [  7.58656937  91.08826093   2.65388663]

inc: 30.1887838122 spot # 2
residual lightcurve:
[ 1.          1.          1.          1.          1.          1.          1.
  1.          1.          1.          1.          1.          1.
  1.00000986  1.00006659  1.00019851  1.00036077  1.00046921  1.00049166
  1.0004169   1.00024713  0.99999895  0.99970915  0.99946791  0.99937559
  0.99942803  0.99961289  0.99990063  1.00016927  1.00034316  1.00039345
  1.00032042  1.00016149  1.00002489  0.99994346  0.99990578  0.99990129
  0.99992047  0.99995481  0.99999689  1.00004032  1.0000797   1.00011058
  1.00012953  1.00013404  1.00012265  1.00009497  1.00005174  0.99999497
  0.99992804  0.99985576  0.99978454  0.99972237  0.9996789   0.99966539
  0.99969452  0.99978021  0.99993745  1.00017841  1.00042129  1.00057563
  1.00061264  1.00052797  1.000335    1.00006319  0.99976437  0.99954166
  0.99948028  0.99958475  0.99978693  0.9999725   1.00009291  1.00012869
  1.00008542  1.00001891  1.00000014  1.          1.          1.          1.        ]

best fits:
opt: [ 234.25809786  -42.54525772   18.5792927 ] sse: 4.98925714774e-06 p1: [ 233.75228246  -45.23624688   20.98928885]
opt: [ 234.15670507  -38.28527719   14.64868354] sse: 4.99135968607e-06 p1: [ 232.27041354  -29.63752729    6.4823534 ]
opt: [ 110.00390696  -42.89600296   18.45350259] sse: 5.00668864145e-06 p1: [ 110.01832482  -44.06106253   19.54384265]
opt: [ 109.98754225  -41.98041426   17.59908224] sse: 5.00680596969e-06 p1: [ 110.33231111  -35.79870682   11.92794525]
opt: [ 110.14219458  -37.71977221   13.65067991] sse: 5.01142597747e-06 p1: [ 130.66052324  -22.8869892     1.4290632 ]
opt: [ 110.05502231  -59.21494374   33.79496379] sse: 5.04083790766e-06 p1: [ 109.8989907   -68.65692202   42.64212255]
opt: [ 308.84303618  -39.7008696    15.38189705] sse: 5.0843910094e-06 p1: [ 311.43032467  -30.94248905    7.5237283 ]
opt: [ 308.87473086  -39.10593654   14.83173018] sse: 5.08479067826e-06 p1: [ 308.43156053  -35.76642462   11.79420655]
opt: [ 308.80375447  -38.03971876   13.85079641] sse: 5.08571067552e-06 p1: [ 346.52800277  -10.63433884    0.89121539]
opt: [ 308.99098145  -50.31576255   25.33480424] sse: 5.08752446452e-06 p1: [ 310.19485493  -57.19014518   31.87673031]
opt: [ 309.05105678  -35.82866427   11.82855552] sse: 5.08859580948e-06 p1: [ 254.51602355   -1.08505668    0.340221  ]
opt: [ 175.56871584    2.76162395    0.63049339] sse: 5.25681733345e-06 p1: [ 167.38942193   -1.63896521    0.428555  ]
opt: [ 306.4501229    12.80239032    0.34910562] sse: 5.26442938738e-06 p1: [ 244.8009863    37.68220008    0.35274352]
opt: [ 306.30855818   12.7099216     0.35565914] sse: 5.26443004641e-06 p1: [ 268.14491744   23.29848764    0.38662807]
opt: [  2.83652333e+02   2.39603682e+01   2.56323880e-01] sse: 5.26515584322e-06 p1: [  1.68174705e+02   4.23950587e+01   9.19745397e-02]
opt: [ 254.13058734   13.34339231    0.29259432] sse: 5.26524710412e-06 p1: [ 293.11869007   20.26543925    0.51982387]
opt: [ 252.12868584   12.33039374    0.29003076] sse: 5.26525218202e-06 p1: [ 237.80843524   -2.04575965    0.30233904]
opt: [  2.81592869e+00  -7.18748878e+00   2.54593625e-03] sse: 5.26603241114e-06 p1: [  7.05795753e+00   3.77893983e+01   1.52073386e-02]
opt: [ 166.07025383  -41.90019811    2.63189943] sse: 5.26603250525e-06 p1: [ 166.07025383  -41.90019811    2.63189943]
opt: [  2.22465126e+02  -8.82275624e+01   4.72276764e-02] sse: 5.26603250525e-06 p1: [  1.75905746e+02   1.82384997e+01   5.65980507e-02]
opt: [ 324.   -72.    11.5] sse: 5.26603250525e-06 p1: [ 324.   -72.    11.5]
opt: [ 36.  -72.   17.5] sse: 5.26603250525e-06 p1: [ 36.  -72.   17.5]
opt: [ 180.   -72.    11.5] sse: 5.26603250525e-06 p1: [ 180.   -72.    11.5]
opt: [ 143.40674609  -33.0619379     2.78505149] sse: 5.26603250525e-06 p1: [ 143.40674609  -33.0619379     2.78505149]
opt: [ 252.   -72.    11.5] sse: 5.26603250525e-06 p1: [ 252.   -72.    11.5]
opt: [ 36.  -72.   11.5] sse: 5.26603250525e-06 p1: [ 36.  -72.   11.5]
opt: [ 252.   -72.    17.5] sse: 5.26603250525e-06 p1: [ 252.   -72.    17.5]
opt: [ 27.00006279 -27.04181488   0.06931422] sse: 5.26603250942e-06 p1: [ 26.99302441 -27.0266886    0.13839994]
opt: [  4.85552565e+01   2.73052280e+01   1.09334088e-03] sse: 5.26603266962e-06 p1: [ 162.28648313   -9.37647031    0.58919706]

inc: 69.7230562604 spot # 2
residual lightcurve:
[ 1.          1.          1.          1.          1.          1.          1.
  1.          1.          1.          1.          1.          1.
  1.00000986  1.00006659  1.00019851  1.00036077  1.00046921  1.00049166
  1.0004169   1.00024713  0.99999895  0.99970915  0.99946791  0.99937559
  0.99942803  0.99961289  0.99990063  1.00016927  1.00034316  1.00039345
  1.00032042  1.00016149  1.00002489  0.99994346  0.99990578  0.9999013
  0.99992047  0.99995481  0.99999689  1.00004032  1.0000797   1.00011058
  1.00012953  1.00013404  1.00012265  1.00009497  1.00005174  0.99999497
  0.99992804  0.99985576  0.99978454  0.99972237  0.9996789   0.99966539
  0.99969452  0.99978021  0.99993745  1.00017841  1.00042129  1.00057563
  1.00061264  1.00052797  1.000335    1.00006319  0.99976437  0.99954166
  0.99948028  0.99958475  0.99978693  0.9999725   1.00009291  1.00012869
  1.00008542  1.00001891  1.00000014  1.          1.          1.          1.        ]

best fits:
opt: [ 231.97109462  -68.54330648    5.97567339] sse: 5.08484508742e-06 p1: [ 230.31976153  -84.03688722   17.98499634]
opt: [ 111.44415582  -69.19177419    5.80637048] sse: 5.13201301654e-06 p1: [ 102.39783868  -65.59186884    2.1153258 ]
opt: [ 111.44722535  -69.21855631    5.82668158] sse: 5.13201313035e-06 p1: [ 111.67654627  -78.68036003   11.42734411]
opt: [ 312.82714128  -68.72629101    5.65713017] sse: 5.15210625784e-06 p1: [ 332.71331898  -70.91447291    5.38364337]
opt: [ 312.83938834  -68.65629141    5.60548558] sse: 5.15210627561e-06 p1: [ 314.62058959  -67.18581252    4.3588521 ]
opt: [ 312.64653967  -69.34897959    6.12275961] sse: 5.15240666614e-06 p1: [ 324.72315949  -82.66743332   16.07432148]
opt: [ 133.53391118  -60.07570084    1.8054505 ] sse: 5.23600023503e-06 p1: [ 133.53393537  -91.16396303    1.80569688]
opt: [ 175.58589154   12.3330293     0.35489007] sse: 5.26143403722e-06 p1: [ 176.06660497   15.31333666    0.35293495]
opt: [  3.08519891e+02   4.86225847e+01   2.94673008e-01] sse: 5.26449720977e-06 p1: [ 242.62346565   79.13128478    0.38765207]
opt: [  3.08552585e+02   4.87051807e+01   3.00874796e-01] sse: 5.26449731329e-06 p1: [ 301.80393194   25.56642401    0.35499415]
opt: [ 234.07043069   11.65347146    0.26053623] sse: 5.26490715098e-06 p1: [ 268.73582467  -36.50720075    0.50898288]
opt: [ 234.10580665   11.58893309    0.28053837] sse: 5.26492116097e-06 p1: [ 256.56007664   11.68006433    0.31979445]
opt: [  2.84856180e+02   6.47334566e+01   2.84463068e-01] sse: 5.26507753885e-06 p1: [ 261.12959192   48.79207057    0.27587542]
opt: [  1.76274777e+02   2.11820732e+01   3.06546965e-02] sse: 5.26597159671e-06 p1: [  1.75897264e+02   5.10924495e+01   2.63962563e-02]
opt: [ 339.73343373  -82.53031551    5.01243734] sse: 5.26603250526e-06 p1: [ 339.73343373  -82.53031551    5.01243734]
opt: [ 152.70022458  -78.87310005    2.08713636] sse: 5.26603250526e-06 p1: [ 152.70022458  -78.87310005    2.08713636]
opt: [  1.67334822e+02  -7.37741068e+01   1.64161209e-02] sse: 5.26603250526e-06 p1: [  1.51209579e+02   6.56678004e+01   2.95210538e-02]
opt: [ 334.79999589  -75.27862503    4.57029776] sse: 5.26603250526e-06 p1: [ 334.79999589  -75.27862503    4.57029776]
opt: [ 18.71225551 -89.19515664  19.64043693] sse: 5.26603250793e-06 p1: [ 18.71333846 -87.64994695  18.40641939]
opt: [ 17.02761186 -89.04230146  19.51246976] sse: 5.26603251045e-06 p1: [ 17.0186176  -85.057772    16.29639683]
opt: [  1.86970223e+02   7.76156355e+01  -8.80511145e-04] sse: 5.26603253012e-06 p1: [  1.86970223e+02   7.76156355e+01  -8.80511145e-04]
opt: [  8.57813738e+01   3.30780732e-01   7.11744343e-04] sse: 5.26603258141e-06 p1: [  4.18555014e+01   1.23058790e+01   9.95180391e-03]
opt: [ 31.17791353 -90.00164633  20.35440534] sse: 5.2660369563e-06 p1: [ 17.53183319 -90.44885951  21.47577023]
opt: [  0.10108433  87.70844386   0.31603623] sse: 5.27203925926e-06 p1: [ 28.24026828  85.10859795   0.33876385]

inc: 87.6312038047 spot # 2
residual lightcurve:
[ 1.          1.          1.          1.          1.          1.          1.
  1.          1.          1.          1.          1.0000046   1.0000303
  1.00009396  1.00021302  1.00040439  1.00061687  1.00076276  1.00080851
  1.00074309  1.00057     1.00030792  0.99999635  0.99972881  0.99960955
  0.99963805  0.9998049   1.00008271  1.00035072  1.00053332  1.0006002
  1.00054856  1.000411    1.00028914  1.00020724  1.00014     1.00006881
  0.99999653  0.99992729  0.99986488  0.99981253  0.99977278  0.99974732
  0.99973687  0.99974117  0.99975898  0.9997881   0.99982555  0.99986763
  0.9999102   0.99994883  0.99997905  0.99999657  0.99999766  0.99999376
  1.00001323  1.00007945  1.00021456  1.00043614  1.00066601  1.00081567
  1.00085681  1.00078426  1.00060957  1.00035959  1.00008282  0.99987857
  0.99982865  0.99993479  1.0001267   1.0002886   1.00037152  1.00035698
  1.0002535   1.00012243  1.00004432  1.00000922  1.00000017  1.          1.        ]

best fits:
opt: [ 199.74952725  -84.05060156    2.41649552] sse: 8.7242974399e-06 p1: [ 196.31537398  -82.33253481    1.76867221]
opt: [ 184.81370537   -9.59285244    0.25915239] sse: 8.77148636539e-06 p1: [ 184.73932391  -10.50360776    0.25915479]
opt: [ 184.87927908  -12.19814071    0.28941671] sse: 8.77154152241e-06 p1: [ 185.16247483    8.91739311    0.37178496]
opt: [ 185.03990647  -15.10065684    0.22079719] sse: 8.77159629525e-06 p1: [ 178.25437666  -39.37793689    0.20605948]
opt: [  1.84445498e+02   2.07948051e+00   7.85216320e-02] sse: 8.77229566433e-06 p1: [  1.94223808e+02   3.21786004e+01   7.72759447e-02]
opt: [  3.59389134e+02  -8.90581636e+01   1.05434954e-03] sse: 8.7724581979e-06 p1: [  3.53052750e+02  -7.02512862e+01  -3.82899689e-02]
opt: [  1.66185480e+01  -8.74565794e+01   1.15506894e-02] sse: 8.7724581979e-06 p1: [  2.81770648e+01  -7.91495429e+01   1.32254408e-02]
opt: [ 14.22645795 -87.95326886   0.46490364] sse: 8.77245819791e-06 p1: [ 15.44548617 -82.97893539   0.62416577]
opt: [  1.64309582e+02   8.44350235e+01   2.17617064e-04] sse: 8.77245820052e-06 p1: [  1.38153540e+02   8.64310497e+01   6.08032866e-02]
opt: [  1.87654815e+02   7.81360683e+01   1.04294381e-03] sse: 8.77245823875e-06 p1: [ 218.98248948   68.89844298    0.46043922]
opt: [  1.68339604e+02   8.57950819e+01  -9.15497936e-04] sse: 8.77245824541e-06 p1: [  1.68339604e+02   8.57950819e+01  -9.15497936e-04]
opt: [  7.98626653e+00  -6.98640911e+00   3.71607870e-04] sse: 8.7724582645e-06 p1: [  3.22169478e+01  -6.98629101e+00   1.07337887e-02]
opt: [  1.53269036e+02  -8.76521050e+01   8.24657429e-02] sse: 8.77245831865e-06 p1: [  1.53269036e+02  -9.11062050e+01   8.25439708e-02]
opt: [  2.06386964e+01   4.36300382e+01  -8.18863836e-04] sse: 8.77245849534e-06 p1: [  2.06386964e+01   4.36300382e+01  -8.18863836e-04]
opt: [  1.73583012e+02   7.68042475e+01   3.76549617e-03] sse: 8.77245872398e-06 p1: [ 185.78794553   83.56050486    0.19083935]
opt: [  3.59702739e+02  -8.41374224e+01   1.33774632e-02] sse: 8.77246023315e-06 p1: [  1.86121170e+02  -7.93956929e+01  -2.35852208e-02]
opt: [  1.96368974e+02   7.97281555e+01   7.37114226e-03] sse: 8.77246098363e-06 p1: [  2.27562886e+02   7.20143952e+01  -5.70999642e-02]
opt: [  1.39400244e+02  -8.48028851e+01   1.24356101e-02] sse: 8.77246154069e-06 p1: [  1.14414636e+02  -4.85797949e+01   1.83322632e-02]
opt: [  1.48097870e+01   8.65704935e+01   7.09838995e-03] sse: 8.7724632709e-06 p1: [  2.88111001e+01   3.78483398e+01   1.48163750e-02]
opt: [  3.59931545e+02  -1.40999210e+01   4.77523504e-03] sse: 8.77246820016e-06 p1: [  3.34229490e+02  -1.05861304e+01   1.03452734e-02]
opt: [ 359.97168622  -87.44449526    0.64457188] sse: 8.77252621681e-06 p1: [ 353.2126592   -87.39539156    0.6773887 ]
opt: [  3.45046567e+02   8.99973652e+01   3.62231870e-02] sse: 8.77256423346e-06 p1: [  3.54732251e+02   6.97431142e+01   7.12769212e-02]
opt: [  2.34833079e+02   8.73999179e+01   6.72407688e-02] sse: 8.77275699452e-06 p1: [  2.59242813e+02   1.96258791e+01   8.31316810e-02]
opt: [  1.13962048e+02   8.75663860e+01   7.58191975e-02] sse: 8.77289866114e-06 p1: [  1.05840430e+02   1.51655049e+01   9.71125284e-02]
opt: [ 360.01121402  -87.4867344     1.60544131] sse: 8.7748797076e-06 p1: [ 339.73747725  -87.00478323    1.96051662]

best final fit:
[33.442465969187715, array([ 196.34601018,    0.70641157,   27.05495522]), array([ 112.94840194,  -43.26939906,   16.52250216])]
sse: 4.74926158933e-06
intensity:
[ 1.          1.          1.          1.          1.          1.          1.
  1.          1.          1.          1.          0.99999994  0.99999028
  0.99994936 /Library/Frameworks/Python.framework/Versions/6.2/lib/python2.6/site-packages/scipy/optimize/minpack.py:316: RuntimeWarning: Number of calls to function has reached maxfev = 1600.
  warnings.warn(errors[info][0], RuntimeWarning)
 0.99985742  0.99969499  0.99944191  0.99907444  0.99857564
  0.99793392  0.99714159  0.99619444  0.99509143  0.99383439  0.99242768
  0.99087828  0.98919642  0.98739547  0.98549174  0.98350445  0.98145576
  0.97937072  0.97727729  0.97520622  0.97319111  0.97126927  0.96948622
  0.96788022  0.96646755  0.96526151  0.96427411  0.96351563  0.96299421
  0.96271561  0.96268295  0.9628966   0.96335415  0.96405053  0.96497821
  0.96612744  0.96748663  0.96904276  0.9707814   0.97267236  0.97467486
  0.97675148  0.97886611  0.98098439  0.98307438  0.98510709  0.98705682
  0.9889014   0.99062233  0.99220486  0.99363821  0.99491571  0.9960343
  0.99699405  0.99779826  0.99845354  0.99896967  0.99935934  0.99963775
  0.99982204  0.99993078  0.9999833   0.99999927  1.          1.          1.        ]

lightcurve:
[ 1.          1.          1.          1.          1.          1.          1.
  1.          1.          1.          1.          1.          1.          1.
  1.          0.99999915  0.99992885  0.99968504  0.99921949  0.99850869
  0.99754631  0.99634413  0.99493786  0.99342025  0.9918978   0.99037598
  0.98885539  0.98732249  0.98567416  0.98385613  0.98186313  0.97972092
  0.97749392  0.97531854  0.97325662  0.97132614  0.96954572  0.96793406
  0.96650931  0.96528841  0.96428646  0.96351615  0.96298721  0.96270607
  0.96267558  0.96289489  0.96335949  0.96406144  0.96498966  0.96613043
  0.96746793  0.96898487  0.97066315  0.97248456  0.97443133  0.97648675
  0.97863557  0.98086436  0.98315797  0.98540865  0.98750183  0.98938675
  0.9910395   0.99245668  0.99365397  0.99467271  0.99560891  0.9965443
  0.99748352  0.99836225  0.99907371  0.99958066  0.99987872  0.99999233
  1.          1.          1.          1.          1.          1.        ]

best fits:
opt: [72.921878331839807, [180.24821066306481, 19.215409504493895, 15.399873961030968], [224.58279539695039, 10.742681267813643, 11.860748885957262]] sse: 6.71145848349e-25 p0: [33.442465969187715, [196.34601018262649, 0.70641156891858203, 27.054955219178691], [243.25367131633459, -6.3223702198861966, 0.49345022820584394]]


tparams: [72.921878327768709, [180.24821066322104, 19.215409500291713, 15.399873961080205], [224.58279539730961, 10.742681264304522, 11.860748886020794]]
final param sets:
params:  [72.921878331839807, [180.24821066306481, 19.215409504493895, 15.399873961030968], [224.58279539695039, 10.742681267813643, 11.860748885957262]]
pdists:  [9.0468827491147549e-11, 4.6783654123310103e-11, 3.9209690206753188e-11]
