/Library/Frameworks/Python.framework/Versions/6.2/lib/python2.6/site-packages/scipy/optimize/minpack.py:316: RuntimeWarning: Number of calls to function has reached maxfev = 20.
  warnings.warn(errors[info][0], RuntimeWarning)
/Library/Frameworks/Python.framework/Versions/6.2/lib/python2.6/site-packages/scipy/optimize/minpack.py:316: RuntimeWarning: Number of calls to function has reached maxfev = 1000.
  warnings.warn(errors[info][0], RuntimeWarning)
['lcmultifit.py', '2']
tparams: [38.918105030858072, [319.93821633789452, 54.395887997377486, 24.466416025019932], [286.07250166791567, -17.695900098135581, 24.036801559858191]]

first spot
lightcurve:
[ 0.94231051  0.94463993  0.94692799  0.94915284  0.95129807  0.95335407
  0.95532002  0.9572085   0.95906446  0.96091932  0.96276275  0.96458439
  0.96637473  0.96812506  0.96982738  0.97147436  0.97305924  0.97457572
  0.97601791  0.97738023  0.97865506  0.97982684  0.9808877   0.98183461
  0.98266681  0.98338486  0.98399001  0.98448388  0.98486815  0.98514434
  0.98531363  0.98537684  0.98533425  0.98518566  0.98493038  0.98456727
  0.98409487  0.98351152  0.98281558  0.98200568  0.98108099  0.98000802
  0.97872657  0.97721417  0.97547107  0.97350054  0.97130877  0.96890787
  0.96631501  0.96355158  0.96064273  0.95761752  0.95450857  0.95135134
  0.94818344  0.94504396  0.94197275  0.93900945  0.9361927   0.93355915
  0.93114266  0.92897369  0.92707882  0.92548046  0.92419674  0.92324132
  0.9226231   0.92234588  0.92240796  0.92280191  0.92351458  0.92452738
  0.92581683  0.92735531  0.92911187  0.93105317  0.93314439  0.9353501
  0.93763518  0.93996584]

best fits:
opt: [  73.51486587  309.97427063   69.56640333   38.49267664] sse: 0.000370891172613 p1: [  62.46979746  310.29701923   66.13797899   32.15210222]
opt: [  20.43359747  309.9742718    16.48512333   38.4926838 ] sse: 0.000370891172614 p1: [  35.34692376  310.39685774   44.44883499   27.60812785]
opt: [ 73.45928054 -49.36515866  69.57882254  38.47504871] sse: 0.00037636411322 p1: [ 72.68161711 -52.28193249  70.06643387  38.55040211]
opt: [ 20.42108434 -49.36515696  16.54028026  38.47533521] sse: 0.000376364114008 p1: [ 15.0407655  -28.24744196  62.91821219  19.08388638]
opt: [  80.50731489  130.07218611  109.32601295   43.35366394] sse: 0.000381042172857 p1: [  58.5313867   130.28924051  115.82567855   30.21935672]
opt: [  90.88315585  310.10868397  -71.2606923    49.6999833 ] sse: 0.000403351943011 p1: [  78.86835015  309.27957041  -72.52193967   58.78592329]
opt: [ 90.80867969 -49.16166131 -71.30339867  49.78596076] sse: 0.000410326319852 p1: [ 123.33908078  -40.82014428  -57.12653327   29.50886832]
opt: [ -17.80136986  130.25329004   -4.42970829   54.0040475 ] sse: 0.00045703765424 p1: [ -21.63335659  135.31010789   30.34785477   31.26879547]
opt: [  40.24540671  310.35959274   49.75523186   27.2924496 ] sse: 0.00049304355356 p1: [  43.79814896  325.63391787   82.6997576    24.53033579]
opt: [ 40.11594016 -48.97333814  49.7805245   27.28150252] sse: 0.000498874293802 p1: [ 40.17005407 -53.40896838  55.33578159  24.87842072]
opt: [ -26.17365508  310.69137711  144.14894215   29.26023912] sse: 0.000726440370806 p1: [ -32.20166259  304.37306514  135.67632349   25.49284588]
opt: [ -25.60354014  -48.04542682  145.28426775   29.56511409] sse: 0.00073349154398 p1: [ -23.17992335  -45.84157858  123.00433664   23.38063233]

inc: 73.5148658712 spot # 2
residual lightcurve:
[ 1.00326828  1.00313273  1.00287953  1.00251229  1.00203917  1.00147388
  1.00083735  1.00016218  0.99951143  0.99893262  0.99842947  0.99800365
  0.99765563  0.99738479  0.99718937  0.99706657  0.99701259  0.9970227
  0.99709136  0.99721229  0.99737636  0.99756587  0.9977704   0.99798418
  0.9982037   0.99842687  0.99865263  0.99888066  0.99911117  0.99934483
  0.99958259  0.99982565  1.00007529  1.00033289  1.00059978  1.00087726
  1.00116652  1.00146869  1.00178483  1.00211605  1.00246351  1.00279508
  1.00305102  1.00320826  1.00326517  1.00322168  1.00307909  1.00284284
  1.00252157  1.00212622  1.00166943  1.00116575  1.00063122  1.00008272
  0.99953744  0.99901232  0.99852355  0.998086    0.99771266  0.99741422
  0.99719869  0.99707136  0.99703485  0.99708946  0.99723345  0.99746337
  0.99777405  0.99815844  0.99860725  0.99910868  0.9996484   1.00020974
  1.00077433  1.00132289  1.0018361   1.00229542  1.00268382  1.00298628
  1.0031903   1.00328637]

best fits:
opt: [ 84.05362047 -60.38002271  10.94291315] sse: 0.000277326407215 p1: [ 82.52746644 -66.49667643  13.77404727]
opt: [ 278.409/Library/Frameworks/Python.framework/Versions/6.2/lib/python2.6/site-packages/scipy/optimize/minpack.py:316: RuntimeWarning: Number of calls to function has reached maxfev = 800.
  warnings.warn(errors[info][0], RuntimeWarning)
57439  -62.79962343   10.10936388] sse: 0.000319688564521 p1: [ 279.3065241   -68.61491869   12.92866716]
opt: [ 266.90740593  -97.80701761   22.37457366] sse: 0.000323726781854 p1: [ 267.85316025  -98.87142448   21.83763622]

inc: 20.4335974686 spot # 2
residual lightcurve:
[ 1.00326829  1.00313273  1.00287953  1.00251229  1.00203918  1.00147388
  1.00083735  1.00016218  0.99951143  0.99893262  0.99842947  0.99800365
  0.99765563  0.99738479  0.99718937  0.99706657  0.99701259  0.9970227
  0.99709136  0.99721229  0.99737636  0.99756587  0.9977704   0.99798418
  0.9982037   0.99842687  0.99865263  0.99888065  0.99911117  0.99934482
  0.99958259  0.99982565  1.00007529  1.00033288  1.00059977  1.00087725
  1.00116652  1.00146869  1.00178483  1.00211604  1.0024635   1.00279507
  1.00305102  1.00320826  1.00326516  1.00322168  1.00307909  1.00284284
  1.00252157  1.00212622  1.00166943  1.00116575  1.00063122  1.00008272
  0.99953744  0.99901232  0.99852355  0.998086    0.99771267  0.99741422
  0.99719869  0.99707136  0.99703486  0.99708946  0.99723346  0.99746338
  0.99777406  0.99815845  0.99860725  0.99910869  0.9996484   1.00020974
  1.00077434  1.0013229   1.0018361   1.00229543  1.00268382  1.00298628
  1.0031903   1.00328637]

best fits:
opt: [ 84.2604108  -38.19922974  34.35520577] sse: 0.000279359432237 p1: [ 48.76442608 -15.0931128    4.64368205]
opt: [ 84.25672277 -38.17966954  34.33787791] sse: 0.000279359434825 p1: [ 68.68411033 -11.10453556   5.26649922]
opt: [ 84.25954456 -38.2268404   34.37980224] sse: 0.00027935943574 p1: [ 75.32989252  -6.75814139   1.30769192]
opt: [ 84.26141294 -38.14494177  34.30688224] sse: 0.000279359446234 p1: [ 99.32738116  -1.07716306   4.96445238]
opt: [ 84.25781504 -38.30064735  34.44551505] sse: 0.000279359480347 p1: [ 129.64460884   19.83231881    1.38852593]
opt: [ 278.41430295  -38.42852369   32.41553537] sse: 0.000319514874536 p1: [ 279.19139582  -36.7878715    30.80808376]
opt: [ 360.21448428   20.34961995    1.59942161] sse: 0.000369457007461 p1: [ 362.18087423   34.85455202    1.5137561 ]
opt: [ 36.  -72.   23.5] sse: 0.000370891172614 p1: [ 36.  -72.   23.5]
opt: [ 36.  -72.   11.5] sse: 0.000370891172614 p1: [ 36.  -72.   11.5]
opt: [ 108.   -72.    14.5] sse: 0.000370891172614 p1: [ 108.   -72.    14.5]
opt: [ 252.   -72.    14.5] sse: 0.000370891172614 p1: [ 252.   -72.    14.5]
opt: [ 180.   -72.    17.5] sse: 0.000370891172614 p1: [ 180.   -72.    17.5]
opt: [ 180.   -36.    11.5] sse: 0.000370891172614 p1: [ 180.   -36.    11.5]
opt: [ 108.   -72.    11.5] sse: 0.000370891172614 p1: [ 108.   -72.    11.5]
opt: [ 36.  -36.   11.5] sse: 0.000370891172614 p1: [ 36.  -36.   11.5]
opt: [ 252.   -72.    11.5] sse: 0.000370891172614 p1: [ 252.   -72.    11.5]
opt: [ 108.   -72.    23.5] sse: 0.000370891172614 p1: [ 108.   -72.    23.5]
opt: [ 36.  -72.   17.5] sse: 0.000370891172614 p1: [ 36.  -72.   17.5]

inc: 73.4592805413 spot # 2
residual lightcurve:
[ 1.00365498  1.0035343   1.00329213  1.00293218  1.00246273  1.00189768
  1.00125822  1.00057718  0.99991791  0.99932822  0.99881215  0.99837163
  0.99800746  0.99771927  0.9975056   0.99736388  0.99729054  0.99728107
  0.99733008  0.99743149  0.99757626  0.9977468   0.99793273  0.99812833
  0.99833009  0.9985359   0.99874466  0.99895598  0.99917002  0.99938735
  0.99960884  0.99983558  1.00006878  1.00030971  1.00055965  1.00081983
  1.00109142  1.00137551  1.00167318  1.00198556  1.00231389  1.00262613
  1.00286268  1.0030006   1.00303847  1.00297643  1.00281599  1.00256287
  1.00222599  1.00181656  1.00134753  1.00083375  1.00029157  0.99973816
  0.99919098  0.99866721  0.99818327  0.99775419  0.99739307  0.99711064
  0.99691488  0.99681097  0.99680135  0.99688604  0.99706298  0.99732833
  0.9976765   0.99809999  0.99858906  0.99913148  0.99971245  1.00031485
  1.00091981  1.00150753  1.00205818  1.00255274  1.0029737   1.00330566
  1.0035358   1.00365435]

best fits:
opt: [ 86.00875461 -60.93384704  10.58988132] sse: 0.000301877451048 p1: [ 84.96516986 -60.41474367  10.21852172]
opt: [ 276.38830922  -62.22584891   10.44541577] sse: 0.000312849628363 p1: [ 275.17424848  -60.12709597    8.6198085 ]
opt: [ 270.1141455   -96.74755176   21.84567568] sse: 0.000346209299948 p1: [ 270.03096674  -96.76348165   21.80568536]

inc: 20.4210843402 spot # 2
residual lightcurve:
[ 1.00365496  1.00353428  1.00329212  1.00293217  1.00246272  1.00189768
  1.00125821  1.00057718  0.99991791  0.99932823  0.99881215  0.99837164
  0.99800747  0.99771928  0.99750561  0.99736389  0.99729055  0.99728108
  0.9973301   0.9974315   0.99757627  0.99774681  0.99793274  0.99812834
  0.9983301   0.99853591  0.99874467  0.99895599  0.99917003  0.99938736
  0.99960885  0.99983559  1.00006879  1.00030972  1.00055966  1.00081984
  1.00109143  1.00137552  1.00167319  1.00198557  1.0023139   1.00262614
  1.00286269  1.00300061  1.00303848  1.00297644  1.002816    1.00256288
  1.00222599  1.00181656  1.00134754  1.00083375  1.00029157  0.99973816
  0.99919097  0.9986672   0.99818326  0.99775417  0.99739305  0.99711061
  0.99691486  0.99681094  0.99680133  0.99688601  0.99706296  0.99732831
  0.99767648  0.99809996  0.99858904  0.99913146  0.99971243  1.00031483
  1.00091979  1.00150751  1.00205816  1.00255271  1.00297367  1.00330564
  1.00353577  1.00365433]

best fits:
opt: [ 86.14547964 -38.48299422  33.9698726 ] sse: 0.000303211432404 p1: [ 77.11001341  33.53335087   1.05433061]
opt: [ 86.14751063 -38.50820087  33.99230701] sse: 0.00030321143498 p1: [ 102.25236274  -13.13595504    3.30942725]
opt: [ 86.14571472 -38.45209957  33.94222948] sse: 0.000303211436456 p1: [ 117.4920136    -2.18090506    2.71305985]
opt: [ 86.14469872 -38.54073244  34.02141992] sse: 0.000303211445459 p1: [ 101.26739547    1.27550705    3.46615178]
opt: [ 86.1442898  -38.58798158  34.06364237] sse: 0.000303211476104 p1: [ 76.69793445  -2.92805061   6.99736234]
opt: [ 86.148211   -38.65245868  34.12114549] sse: 0.000303211546612 p1: [ 100.46657724  -13.41710489   11.62284732]
opt: [ 86.14823914 -38.30815884  33.81366001] sse: 0.000303211557171 p1: [ 85.63914337   2.03912259   3.28244832]
opt: [ 86.14337554 -38.67261981  34.13925828] sse: 0.000303211575944 p1: [ 91.09810192   7.91377312   3.06554547]
opt: [ 86.14250392 -38.2482012   33.760249  ] sse: 0.000303211655841 p1: [ 85.31332016 -24.64618975  21.84408154]
opt: [ 276.39775842  -38.23306679   32.79349415] sse: 0.00031365626734 p1: [ 276.81360727  -37.80469918   32.59821459]
opt: [ 276.39676953  -38.25906589   32.8167967 ] sse: 0.000313656269683 p1: [ 278.72873113  -30.26442145   25.29323894]
opt: [ 276.39587729  -38.16937594   32.73645472] sse: 0.000313656306723 p1: [ 274.78108162  -20.25445182   17.02097924]
opt: [ 276.39671504  -38.005623     32.58964812] sse: 0.000313656700841 p1: [ 276.78084606  -32.71648628   27.87319157]
opt: [ 180.   -36.    11.5] sse: 0.000376364114008 p1: [ 180.   -36.    11.5]
opt: [ 180.   -72.    17.5] sse: 0.000376364114008 p1: [ 180.   -72.    17.5]
opt: [ 324.82577943  -37.21781807    2.70240117] sse: 0.000376364114008 p1: [ 324.82577943  -37.21781807    2.70240117]
opt: [ 324.   -72.    11.5] sse: 0.000376364114008 p1: [ 324.   -72.    11.5]
opt: [ 180.   -72.    11.5] sse: 0.000376364114008 p1: [ 180.   -72.    11.5]
opt: [ 108.   -36.    11.5] sse: 0.000376364114008 p1: [ 108.   -36.    11.5]
opt: [ 36.  -72.   20.5] sse: 0.000376364114008 p1: [ 36.  -72.   20.5]
opt: [ 36.  -72.   11.5] sse: 0.000376364114008 p1: [ 36.  -72.   11.5]
opt: [ 324.   -72.    23.5] sse: 0.000376364114008 p1: [ 324.   -72.    23.5]
opt: [ 324.   -72.    17.5] sse: 0.000376364114008 p1: [ 324.   -72.    17.5]

inc: 80.507314888 spot # 2
residual lightcurve:
[ 1.0033041   1.00321109  1.00299918  1.0026707   1.00223271  1.00169801
  1.00108693  1.00043168  0.99979519  0.99922508  0.99872535  0.99829806
  0.99794423  0.99766376  0.9974555   0.9973172   0.99724558  0.99723644
  0.99728482  0.99738506  0.99752861  0.99769836  0.99788436  0.99808125
  0.99828578  0.9984961   0.99871127  0.99893106  0.99915574  0.999386
  0.9996228   0.99986727  1.00012069  1.00038431  1.00065938  1.00094702
  1.00124819  1.00156371  1.00189423  1.00224037  1.00260276  1.00294869
  1.00321785  1.00338663  1.00345296  1.00341631  1.00327747  1.00304139
  1.00271624  1.00231254  1.00184265  1.00132093  1.00076349  1.00018745
  0.9996105   0.99905033  0.99852412  0.99804793  0.9976361   0.99730068
  0.99705107  0.99689374  0.99683227  0.9968675   0.99699782  0.99721946
  0.99752657  0.99791118  0.99836309  0.99886984  0.99941681  0.99998757
  1.00056433  1.00112861  1.00166182  1.00214593  1.00256399  1.0029007
  1.00314281  1.00327977]

best fits:
opt: [ 87.02073689 -66.14784774   9.39510746] sse: 0.000310563421303 p1: [ 86.86432557 -65.13214405   8.88186642]
opt: [ 279.84817909  -68.67575541    8.94962853] sse: 0.000336130015811 p1: [ 280.09902125  -57.08094825    2.67298134]
opt: [ 267.4584226   -96.59018286   15.57144778] sse: 0.00035347403258 p1: [ 268.81258264  -95.9776459    15.40952831]

inc: 90.8831558456 spot # 2
residual lightcurve:
[ 1.00346288  1.00339564  1.00320411  1.00288989  1.00245952  1.00192557
  1.00130834  1.0006402   0.99998441  0.99938899  0.99885844  0.99839534
  0.99800137  0.9976773   0.99742296  0.9972372   0.99711789  0.99706194
  0.99706532  0.99712316  0.99722753  0.99736173  0.99751614  0.99768555
  0.99786682  0.9980581   0.99825842  0.9984675   0.99868555  0.99891323
  0.99915147  0.99940143  0.9996644   0.9999417   1.00023461  1.00054427
  1.00087163  1.00121739  1.00158203  1.00196584  1.00236899  1.00275815
  1.00307222  1.00328663  1.00339821  1.0034053   1.00330765  1.00310926
  1.00281751  1.00244232  1.00199554  1.00149113  1.00094478  1.00037338
  0.99979447  0.99922587  0.99868505  0.99818861  0.99775168  0.99738732
  0.99710609  0.99691577  0.99682132  0.99682496  0.99692644  0.9971232
  0.99741046  0.9977811   0.99822554  0.99873168  0.99928498  0.99986881
  1.00046495  1.00105417  1.00161696  1.00213414  1.00258748  1.00296027
  1.00323788  1.00340834]

best fits:
opt: [ 92.70661758   5.50962394   4.28136358] sse: 0.00032930867821 p1: [ 96.17222624 -45.73829666   5.20087079]
opt: [ 92.70378084   5.62110708   4.28207837] sse: 0.000329308699345 p1: [ 92.09309036 -59.53572848   6.32294295]
opt: [ 92.70263141   5.3651762    4.28057565] sse: 0.000329308734289 p1: [ 129.69473044  -81.37128429    5.84523892]
opt: [ 270.37934154   96.04392928    9.29747044] sse: 0.000378627333928 p1: [ 280.69020749  101.3050673     9.05177296]
opt: [ 280.81985378    3.98389271    3.06883312] sse: 0.000383612990534 p1: [ 280.10636078    4.07074043    3.04754897]
opt: [ 280.81914252    3.86820163    3.0692091 ] sse: 0.000383613016934 p1: [ 281.41050155   61.28606316    4.46011413]
opt: [ 280.8196225     4.13468707    3.07013629] sse: 0.000383613050916 p1: [ 274.71285176   74.21647249    4.60117023]
opt: [ 269.07945791  -94.97912944    7.98678691] sse: 0.000386567573266 p1: [ 272.56591948  -94.79697596    7.58088422]

inc: 90.8086796851 spot # 2
residual lightcurve:
[ 1.00387407  1.00382679  1.00365135  1.00334932  1.00292731  1.00239798
  1.00178176  1.00111122  1.00044985  0.99984593  0.99930425  0.99882767
  0.99841818  0.99807684  0.99780375  0.99759807  0.99745792  0.99738049
  0.99736197  0.99739773  0.99748001  0.99759228  0.99772503  0.99787314
  0.99803353  0.99820437  0.99838466  0.99857408  0.9987728   0.99898135
  0.99920059  0.99943157  0.99967547  0.99993352  1.00020691  1.00049672
  1.00080387  1.00112905  1.00147275  1.00183532  1.002217    1.00258459
  1.00287713  1.00307022  1.00316088  1.00314767  1.00303057  1.00281382
  1.00250507  1.0021145   1.00165425  1.0011386   1.00058355  1.00000625
  0.99942454  0.99885643  0.99831961  0.99783084  0.99740535  0.99705626
  0.99679413  0.9966267   0.9965588   0.99659247  0.9967272   0.99696013
  0.99728611  0.99769759  0.99818452  0.99873429  0.99933184  0.99995999
  1.00059997  1.00123201  1.00183609  1.00239255  1.00288272  1.00328951
  1.00359794  1.00379579]

best fits:
opt: [ 95.75959559   5.30746135   3.94957169] sse: 0.00035659193401 p1: [ 88.91561456  54.71673064   3.66007833]
opt: [ 95.75714023   5.19450824   3.94936138] sse: 0.000356591965847 p1: [ 95.18548406 -80.58328097   6.08416911]
opt: [ 95.75724744   5.47343843   3.95080874] sse: 0.000356591990974 p1: [ 97.49883066  62.30730238   6.45919416]
opt: [ 95.75804689   5.09199746   3.94884807] sse: 0.00035659201308 p1: [ 98.26689138 -68.2981429    6.62427445]
opt: [ 95.75909822   5.69415234   3.95197513] sse: 0.000356592170437 p1: [ 76.66379801  84.1503351    8.91674458]
opt: [ 277.28316291    3.64717004    3.36982571] sse: 0.000381585003048 p1: [  2.76841440e+02   1.69254439e+01  -3.38395633e-02]
opt: [ 277.28140487    3.75812131    3.37107411] sse: 0.000381585047881 p1: [ 279.9338949    70.67470025    5.76302389]
opt: [ 275.91761897   92.90053667    7.39132898] sse: 0.000405790684889 p1: [ 277.99544824   92.00571136    8.6919159 ]
opt: [ 275.91691772   92.87983349    7.37423233] sse: 0.000405848700647 p1: [ 298.89052447   90.98351864    6.17261672]
opt: [ 275.73774121  -91.00299225    4.7209187 ] sse: 0.000409770187083 p1: [ 280.74417862  -91.84570532    6.77651066]

inc: -17.8013698582 spot # 2
residual lightcurve:
[ 1.00330527  1.00335395  1.0032756   1.00307011  1.00274249  1.00230396
  1.00177367  1.00118304  1.00059463  1.00005619  0.99957227  0.99914593
  0.99877949  0.99847453  0.99823174  0.9980509   0.99793086  0.99786948
  0.99786369  0.99790954  0.99799995  0.99811907  0.99825797  0.99841214
  0.998579    0.99875719  0.99894613  0.99914583  0.99935674  0.9995796
  0.99981536  1.00006513  1.00033002  1.00061112  1.00090936  1.00122547
  1.00155989  1.00191276  1.0022839   1.0026729   1.00307914  1.00346848
  1.00377899  1.00398521  1.0040831   1.00407014  1.00394524  1.00371165
  1.00337608  1.00294792  1.00243871  1.00186249  1.00123542  1.00057519
  0.99990043  0.99923018  0.99858334  0.99797813  0.99743141  0.99695813
  0.99657087  0.99627948  0.99609098  0.99600963  0.99603709  0.99617254
  0.99641268  0.9967516   0.99718057  0.99768795  0.99825928  0.9988776
  0.99952397  1.00017807  1.00081896  1.00142577  1.00197839  1.00245804
  1.00284793  1.00313398]

best fits:
opt: [ 105.407508    -38.43758562   36.79447971] sse: 0.000362519160142 p1: [ 105.69379652  -38.80180236   36.4605187 ]
opt: [ 105.42292289  -31.68766362   30.78522929] sse: 0.000363305513763 p1: [ 106.12931515   -9.06810743   13.10029657]
opt: [ 105.42334945  -31.57894186   30.68950409] sse: 0.000363328654574 p1: [ 101.8069262   -29.35641861   29.69867467]
opt: [ 105.42983629  -31.48768341   30.60832082] sse: 0.00036334526216 p1: [ 98.61203697  -5.21252271   8.13912983]
opt: [ 105.42960563  -31.40124375   30.53220157] sse: 0.000363363869657 p1: [ 104.3062597    -8.29810392    9.73396946]
opt: [ 265.01932118  -33.21682586   30.34964751] sse: 0.00041881206708 p1: [ 268.59944797  -29.74421289   26.60620634]
opt: [ 265.4056196   -18.58082112   17.48519512] sse: 0.000420244471717 p1: [ 263.16323704  -18.14756702   17.34354895]
opt: [ 179.54968635   16.88496297    2.70806809] sse: 0.000455684649019 p1: [ 172.02519789   17.21973085    2.24508484]
opt: [ 109.86279682  -64.66093303   36.71332485] sse: 0.00045703765424 p1: [ 109.86279682  -64.66093303   36.71332485]
opt: [ 36.  -72.   23.5] sse: 0.00045703765424 p1: [ 36.  -72.   23.5]
opt: [ 162.97177905  -48.4719759    11.62076156] sse: 0.00045703765424 p1: [ 162.97177905  -48.4719759    11.62076156]
opt: [ 36.  -72.   11.5] sse: 0.00045703765424 p1: [ 36.  -72.   11.5]
opt: [ 127.82301137  -80.10527416    4.44003443] sse: 0.00045703765424 p1: [ 127.82301137  -80.10527416    4.44003443]
opt: [ 108.   -72.    11.5] sse: 0.00045703765424 p1: [ 108.   -72.    11.5]
opt: [ 36.  -36.   11.5] sse: 0.00045703765424 p1: [ 36.  -36.   11.5]
opt: [ 106.83224174  -89.56424341   40.28949943] sse: 0.00045703765424 p1: [ 106.83224174  -89.56424341   40.28949943]
opt: [ 106.04118556  -30.75367277    3.07602515] sse: 0.00045703765424 p1: [ 106.04118556  -30.75367277    3.07602515]
opt: [ 169.89588509  -23.88932521    3.36767175] sse: 0.00045703765424 p1: [ 169.89588509  -23.88932521    3.36767175]
opt: [ 180.   -36.    17.5] sse: 0.00045703765424 p1: [ 180.   -36.    17.5]
opt: [ 180.   -72.    11.5] sse: 0.00045703765424 p1: [ 180.   -72.    11.5]
opt: [ 252.   -72.    17.5] sse: 0.00045703765424 p1: [ 252.   -72.    17.5]
opt: [ 324.   -72.    14.5] sse: 0.00045703765424 p1: [ 324.   -72.    14.5]
opt: [ 108.   -36.    11.5] sse: 0.00045703765424 p1: [ 108.   -36.    11.5]
opt: [ 72.14790225 -41.83891916  14.79913682] sse: 0.00045703765424 p1: [ 72.14790225 -41.83891916  14.79913682]
opt: [ 324.   -72.    11.5] sse: 0.00045703765424 p1: [ 324.   -72.    11.5]
opt: [ 200.87865152  -76.82359917    4.21139099] sse: 0.00045703765424 p1: [ 200.87865152  -76.82359917    4.21139099]
opt: [ 152.97858572  -34.82990842    7.81595302] sse: 0.00045703765424 p1: [ 152.97858572  -34.82990842    7.81595302]
opt: [ 180.   -72.    20.5] sse: 0.00045703765424 p1: [ 180.   -72.    20.5]

inc: 40.2454067091 spot # 2
residual lightcurve:
[ 1.00375681  1.00381684  1.00374921  1.00355181  1.00322719  1.0027837
  1.00223733  1.00161625  1.00097978  1.00037244  0.99979591  0.99925079
  0.99873763  0.99825724  0.99782763  0.99747337  0.99720174  0.99701321
  0.99690439  0.99686946  0.99689862  0.99697294  0.99708038  0.99721342
  0.99736678  0.9975367   0.99772066  0.9979171   0.99812536  0.99834552
  0.99857831  0.99882504  0.99908753  0.99936796  0.99966883  0.99999287
  1.00034291  1.00072184  1.0011325   1.00157764  1.00205975  1.00254741
  1.00298054  1.00333392  1.00360074  1.00376953  1.00381338  1.00372022
  1.00349774  1.00315724  1.00271283  1.00218151  1.00158273  1.00093749
  1.00026774  0.99959568  0.99894312  0.99833072  0.99777731  0.99729927
  0.99691004  0.99661985  0.99643564  0.99636122  0.99639757  0.99654304
  0.99679347  0.99714212  0.99757962  0.99809387  0.99867024  0.99929183
  0.99994     1.00059501  1.00123659  1.00184463  1.00239974  1.00288374
  1.0032802   1.00357499]

best fits:
opt: [ 95.58574507 -37.32610437  18.76008454] sse: 0.000374797651581 p1: [ 95.45881711 -36.49141123  18.12084378]
opt: [ 284.58904542  -38.9353376    18.75372184] sse: 0.000396655767565 p1: [ 286.87880153  -42.51356847   21.18494526]
opt: [ 284.59021074  -38.9043496    18.72982861] sse: 0.000396655791886 p1: [ 284.73342567  -17.63098264    5.4240281 ]
opt: [ 360.00394663   88.58160681    0.71467347] sse: 0.000492734641488 p1: [ 303.81592347   82.47153466    0.71007219]
opt: [ 65.31587969 -72.40615751   4.79296627] sse: 0.00049304355356 p1: [ 65.31587969 -72.40615751   4.79296627]
opt: [ 108.   -72.    11.5] sse: 0.00049304355356 p1: [ 108.   -72.    11.5]
opt: [ 36.  -72.   11.5] sse: 0.00049304355356 p1: [ 36.  -72.   11.5]
opt: [ 36.  -72.   20.5] sse: 0.00049304355356 p1: [ 36.  -72.   20.5]

inc: 40.1159401619 spot # 2
residual lightcurve:
[ 1.00407983  1.00416226  1.00411427  1.00393374  1.00362331  1.00319141
  1.00265419  1.00203996  1.00140818  1.00080354  1.00022787  0.99968188
  0.99916626  0.99868171  0.99824006  0.99786892  0.99757786  0.9973684
  0.99723785  0.99718085  0.99718797  0.99724052  0.99732662  0.99743888
  0.99757204  0.99772238  0.99788733  0.99806526  0.99825542  0.99845776
  0.99867287  0.99890193  0.99914658  0.99940885  0.9996911   0.99999592
  1.00032603  1.00068424  1.00107334  1.00149608  1.001955    1.00241879
  1.00282757  1.00315649  1.00339928  1.00354556  1.00357047  1.00345972
  1.00322093  1.00286552  1.00240775  1.00186481  1.00125633  1.00060353
  0.99992857  0.99925389  0.99860149  0.99799223  0.99744512  0.99697666
  0.99660039  0.99632656  0.99616209  0.99611071  0.99617323  0.99634779
  0.99662993  0.9970126   0.99748601  0.99803764  0.9986524   0.9993129
  1.00000003  1.00069356  1.00137277  1.00201713  1.00260687  1.00312349
  1.00355025  1.00387286]

best fits:
opt: [ 283.17063761  -38.49034684   19.0559481 ] sse: 0.000385226189942 p1: [ 283.76911104  -31.14070732   13.46184083]
opt: [ 283.17411945  -38.46652292   19.03763785] sse: 0.000385226205675 p1: [ 285.79114391  -13.97616722    7.32154678]
opt: [ 97.54331778 -37.92000574  18.55558174] sse: 0.000404774290128 p1: [ 114.94421202  -49.60614879   27.80933332]
opt: [ 108.   -72.    11.5] sse: 0.000498874293802 p1: [ 108.   -72.    11.5]
opt: [ 108.   -72.    14.5] sse: 0.000498874293802 p1: [ 108.   -72.    14.5]
opt: [ 180.   -72.    17.5] sse: 0.000498874293802 p1: [ 180.   -72.    17.5]
opt: [ 180.   -72.    11.5] sse: 0.000498874293802 p1: [ 180.   -72.    11.5]
opt: [ 36.  -72.   11.5] sse: 0.000498874293802 p1: [ 36.  -72.   11.5]
opt: [ 36.  -72.   20.5] sse: 0.000498874293802 p1: [ 36.  -72.   20.5]

inc: -26.1736550806 spot # 2
residual lightcurve:
[ 1.00297055  1.00325639  1.00341074  1.00342842  1.00330936  1.00305975
  1.00269396  1.00223903  1.00175362  1.00128209  1.00082634  1.00039082
  1.          0.99966951  0.99940581  0.99921112  0.99908485  0.99902433
  0.9990253   0.99908233  0.99918677  0.99932121  0.99947534  0.99964341
  0.99982185  1.00000846  1.00020204  1.00040214  1.00060885  1.0008227
  1.00104455  1.00127548  1.00151673  1.00176962  1.00203548  1.00231564
  1.00261132  1.00292372  1.00325392  1.00360301  1.00397208  1.00432874
  1.00461279  1.00480024  1.00488791  1.00487314  1.0047529   1.00452537
  1.00418467  1.00371758  1.00313326  1.00244863  1.00168344  1.0008595
  1.00000001  0.99912895  0.99827039  0.9974477   0.99668285  0.99599569
  0.99540336  0.99491991  0.99455616  0.99431971  0.99421504  0.99424372
  0.99440432  0.99469231  0.99509987  0.9956158   0.9962256   0.99691181
  0.99765454  0.99843207  0.99922161  1.          1.00074436  1.00143278
  1.00204486  1.00256253]

best fits:
opt: [ 109.31292666  -33.25518935   29.32695662] sse: 0.000450552091227 p1: [ 109.14987425  -31.0385398    16.13034535]
opt: [ 109.31094616  -33.32400534   29.38458179] sse: 0.000450552610311 p1: [ 110.68081369  -39.35088713   34.25871285]
opt: [ 109.31092588  -33.19783343   29.27897087] sse: 0.00045055465741 p1: [ 110.28473232  -29.95744389   25.76810327]
opt: [ 109.55182562  -19.4609231    18.26265607] sse: 0.000457780768915 p1: [  1.31544589e+02   5.64597493e+01   1.27349690e-01]
opt: [ 109.58493233  -19.23643587   18.09570842] sse: 0.000458062403692 p1: [ 99.08262528  17.15967728   2.97909222]
opt: [ 109.58550075  -19.02916701   17.94683895] sse: 0.000458376873634 p1: [ 110.91613651    1.36993247    4.00916886]
opt: [ 109.57690748  -18.96949745   17.9054408 ] sse: 0.000458482289832 p1: [ 112.65842352  -14.25836865   14.53315144]
opt: [ 109.71903958  -18.03196045   17.2200838 ] sse: 0.000459823126703 p1: [ 130.15592216    7.21595618    5.17795666]
opt: [ 109.71607057  -17.93102      17.14996925] sse: 0.000460005968564 p1: [ 106.00796683   -4.82438731    7.77556805]
opt: [ 109.71964875  -17.79219898   17.05260952] sse: 0.000460250145903 p1: [  1.82835770e+02   4.12736385e+01   1.53251721e-01]
opt: [ 109.77614741  -17.54321662   16.8709475 ] sse: 0.000460627703326 p1: [ 111.89205963   -8.33802477   10.75474029]
opt: [ 261.50531734  -37.32932784   21.9134769 ] sse: 0.000723096147192 p1: [ 263.36485934  -37.27243011   21.95860702]
opt: [ 261.91981621  -25.36092172   11.66907245] sse: 0.000723481359635 p1: [ 269.72838928  -16.95173001    5.98391695]
opt: [ 182.45101117  -66.23587798    0.93268268] sse: 0.000726440370806 p1: [ 182.45101117  -66.23587798    0.93268268]
opt: [ 172.85738325  -38.85326441    8.72998301] sse: 0.000726440370806 p1: [ 172.85738325  -38.85326441    8.72998301]
opt: [ 180.   -72.    14.5] sse: 0.000726440370806 p1: [ 180.   -72.    14.5]
opt: [ 108.   -72.    11.5] sse: 0.000726440370806 p1: [ 108.   -72.    11.5]
opt: [ 36.  -72.   20.5] sse: 0.000726440370806 p1: [ 36.  -72.   20.5]
opt: [ 252.   -72.    20.5] sse: 0.000726440370806 p1: [ 252.   -72.    20.5]
opt: [ 99.66920682 -87.61552478   5.86173229] sse: 0.000726440370806 p1: [ 99.66920682 -87.61552478   5.86173229]
opt: [ 113.57944523  -70.38020646   28.30821825] sse: 0.000726440370806 p1: [ 113.57944523  -70.38020646   28.30821825]
opt: [ 36.  -72.   14.5] sse: 0.000726440370806 p1: [ 36.  -72.   14.5]
opt: [ 36.  -72.   11.5] sse: 0.000726440370806 p1: [ 36.  -72.   11.5]
opt: [ 43.16998643 -38.76287207   8.81779709] sse: 0.000726440370806 p1: [ 43.16998643 -38.76287207   8.81779709]
opt: [ 265.84554937  -59.64401364   18.47740958] sse: 0.000726440370806 p1: [ 265.84554937  -59.64401364   18.47740958]
opt: [ 111.27687689  -48.71228454    2.6072057 ] sse: 0.000726440370806 p1: [ 111.27687689  -48.71228454    2.6072057 ]
opt: [ 108.   -72.    17.5] sse: 0.000726440370806 p1: [ 108.   -72.    17.5]
opt: [ 108.   -72.    20.5] sse: 0.000726440370806 p1: [ 108.   -72.    20.5]
opt: [ 130.89599873  -48.97268123   10.04030887] sse: 0.000726440370806 p1: [ 130.89599873  -48.97268123   10.04030887]

inc: -25.6035401353 spot # 2
residual lightcurve:
[ 1.00340255  1.00371152  1.00388308  1.00391201  1.00379827  1.00354818
  1.00317625  1.00270975  1.00220758  1.00171439  1.00123238  1.00077186
  1.00035889  1.00000584  0.9997185   0.99949895  0.99934665  0.99925911
  0.99923226  0.99926087  0.99933645  0.99944173  0.99956651  0.99970508
  0.99985389  1.00001069  1.00017423  1.00034392  1.00051972  1.00070201
  1.00089146  1.00108897  1.00129559  1.00151248  1.00174083  1.00198184
  1.00223668  1.00250651  1.00279247  1.00309576  1.0034177   1.00372624
  1.00396165  1.00410064  1.004141    1.00408139  1.00392075  1.00366041
  1.00330173  1.00283998  1.00226594  1.0015938   1.00084342  1.00003676
  0.99919721  0.99834896  0.99751627  0.9967227   0.99599041  0.99533935
  0.99478674  0.99434667  0.99402986  0.99384377  0.99379266  0.99387774
  0.99409721  0.99444602  0.9949158   0.99549473  0.99616763  0.99691637
  0.99772031  0.99855705  0.99940311  1.00023467  1.00102828  1.00176146
  1.00241339  1.00296559]

best fits:
opt: [ 107.71658506  -33.10038178   30.13470444] sse: 0.000401292918691 p1: [ 107.37465346  -29.05172228   26.541359  ]
opt: [ 107.71584075  -33.05128005   30.09357676] sse: 0.000401294080233 p1: [ 107.34285382  -42.51094125   37.95586076]
opt: [ 107.61942604  -23.84418508   22.56781255] sse: 0.000404650453694 p1: [ 108.53021006  -24.50282385   21.79565287]
opt: [ 107.64251208  -23.11153204   22.00269079] sse: 0.000405313527683 p1: [ 107.30028985  -10.51305027   12.6910055 ]
opt: [ 107.44710151  -19.95838093   19.58403984] sse: 0.000408701983341 p1: [ 110.31500951  -20.58643896   17.66313849]
opt: [ 107.3143853   -18.38579488   18.41659463] sse: 0.000410983735083 p1: [ 125.30173409    3.80192446    4.09638671]
opt: [ 107.22708913  -17.41245834   17.71114486] sse: 0.000412655671688 p1: [ 124.33389237   62.2866953     0.27052379]
opt: [ 107.23420223  -17.36083477   17.67593687] sse: 0.000412758304785 p1: [ 103.21348691   -5.33775252    9.31481518]
opt: [ 107.21498589  -17.3187256    17.64343851] sse: 0.000412826259356 p1: [ 109.58174006  -11.36384385   12.90889704]
opt: [ 107.19404915  -17.20826346   17.56282354] sse: 0.000413026056517 p1: [ 114.86577485   14.01705874    3.08019461]
opt: [ 107.1912789   -17.15521951   17.52529162] sse: 0.000413127695016 p1: [  1.48042933e+02   6.14465872e+01   7.53743708e-02]
opt: [ 107.19174334  -17.02339154   17.43333399] sse: 0.000413387948287 p1: [ 110.69115572   11.17231855    3.94555182]
opt: [ 107.13984644  -16.95495717   17.37782354] sse: 0.000413493601781 p1: [ 107.39743506   -6.25985496   11.19143611]
opt: [ 264.07390453  -35.83268573   19.69758469] sse: 0.000731783868787 p1: [ 265.2927787   -33.26775107   17.03932814]
opt: [ 216.31814823  -43.32530238    5.59901889] sse: 0.00073349154398 p1: [ 216.31814823  -43.32530238    5.59901889]
opt: [ 44.25068344 -38.72494461   8.82772806] sse: 0.00073349154398 p1: [ 44.25068344 -38.72494461   8.82772806]
opt: [ 252.   -72.    20.5] sse: 0.00073349154398 p1: [ 252.   -72.    20.5]
opt: [ 108.   -72.    23.5] sse: 0.00073349154398 p1: [ 108.   -72.    23.5]
opt: [ 36.  -72.   20.5] sse: 0.00073349154398 p1: [ 36.  -72.   20.5]
opt: [ 301.76997193  -67.16715801   22.01040555] sse: 0.00073349154398 p1: [ 301.76997193  -67.16715801   22.01040555]
opt: [ 252.   -72.    11.5] sse: 0.00073349154398 p1: [ 252.   -72.    11.5]
opt: [ 110.62864545  -70.11416632    2.11956491] sse: 0.00073349154398 p1: [ 110.62864545  -70.11416632    2.11956491]
opt: [ 36.  -72.   11.5] sse: 0.00073349154398 p1: [ 36.  -72.   11.5]
opt: [  1.42032985 -61.66716809   2.93013961] sse: 0.00073349154398 p1: [  1.42032985 -61.66716809   2.93013961]
opt: [ 3/Library/Frameworks/Python.framework/Versions/6.2/lib/python2.6/site-packages/scipy/optimize/minpack.py:316: RuntimeWarning: Number of calls to function has reached maxfev = 1600.
  warnings.warn(errors[info][0], RuntimeWarning)
09.47825375  -56.20863337    2.26139224] sse: 0.00073349154398 p1: [ 309.47825375  -56.20863337    2.26139224]
opt: [ 97.32279908 -33.89971922   6.13757511] sse: 0.00073349154398 p1: [ 97.32279908 -33.89971922   6.13757511]
opt: [ 163.38641722  -46.337467     14.36151895] sse: 0.00073349154398 p1: [ 163.38641722  -46.337467     14.36151895]
opt: [ 108.   -72.    14.5] sse: 0.00073349154398 p1: [ 108.   -72.    14.5]

best final fit:
[73.514865871150093, array([ 309.97427063,   69.56640333,   38.49267664]), array([ 84.05362047, -60.38002271,  10.94291315])]
sse: 0.000277326407215
intensity:
[ 0.93904222  0.94150238  0.94401318  0.94653955  0.94905469  0.95153695
  0.95396881  0.95633628  0.95862854  0.96083748  0.96295725  0.96498387
  0.96691475  0.96874843  0.97048437  0.97212203  0.97365954  0.975096
  0.97643157  0.97766719  0.97880444  0.97984525  0.98079177  0.98164612
  0.98241025  0.98308406  0.9836645   0.98414724  0.98452657  0.98479551
  0.9849461   0.98496984  0.98485812  0.98460285  0.98419703  0.98363553
  0.98291633  0.98204275  0.98103075  0.97988964  0.97861748  0.97721294
  0.97567555  0.97400591  0.97220591  0.97027886  0.96822968  0.96606504
  0.96379344  0.96142537  0.9589733   0.95645177  0.95387735  0.95126862
  0.948646    0.94603165  0.9434492   0.94092346  0.93848004  0.93614493
  0.93394397  0.93190233  0.93004396  0.928391    0.92696329  0.92577795
  0.92484904  0.92418744  0.92380071  0.92369323  0.92386618  0.92431764
  0.9250425   0.92603242  0.92727577  0.92875775  0.93046058  0.93236382
  0.93444488  0.93667948]

lightcurve:
[ 0.94231051  0.94463993  0.94692799  0.94915284  0.95129807  0.95335407
  0.95532002  0.9572085   0.95906446  0.96091932  0.96276275  0.96458439
  0.96637473  0.96812506  0.96982738  0.97147436  0.97305924  0.97457572
  0.97601791  0.97738023  0.97865506  0.97982684  0.9808877   0.98183461
  0.98266681  0.98338486  0.98399001  0.98448388  0.98486815  0.98514434
  0.98531363  0.98537684  0.98533425  0.98518566  0.98493038  0.98456727
  0.98409487  0.98351152  0.98281558  0.98200568  0.98108099  0.98000802
  0.97872657  0.97721417  0.97547107  0.97350054  0.97130877  0.96890787
  0.96631501  0.96355158  0.96064273  0.95761752  0.95450857  0.95135134
  0.94818344  0.94504396  0.94197275  0.93900945  0.9361927   0.93355915
  0.93114266  0.92897369  0.92707882  0.92548046  0.92419674  0.92324132
  0.9226231   0.92234588  0.92240796  0.92280191  0.92351458  0.92452738
  0.92581683  0.92735531  0.92911187  0.93105317  0.93314439  0.9353501
  0.93763518  0.93996584]

best fits:
opt: [38.25480817132118, [319.92031860632574, 53.751027952644485, 24.454248653560125], [286.05680037459246, -29.372759077842829, 32.158582982285836]] sse: 5.17353849144e-09 p0: [40.245406709101765, [310.35959273736171, 49.755231863037515, 27.292449597929419], [284.5902107355476, -38.904349601907015, 18.729828613478389]]


tparams: [38.918105030858072, [319.93821633789452, 54.395887997377486, 24.466416025019932], [286.07250166791567, -17.695900098135581, 24.036801559858191]]
final param sets:
params:  [38.25480817132118, [319.92031860632574, 53.751027952644485, 24.454248653560125], [286.05680037459246, -29.372759077842829, 32.158582982285836]]
pdists:  [0.014739930211930938, 0.0071994529694249841, 0.4818959416028607]
