/Library/Frameworks/Python.framework/Versions/6.2/lib/python2.6/site-packages/scipy/optimize/minpack.py:316: RuntimeWarning: Number of calls to function has reached maxfev = 20.
  warnings.warn(errors[info][0], RuntimeWarning)
/Library/Frameworks/Python.framework/Versions/6.2/lib/python2.6/site-packages/scipy/optimize/minpack.py:316: RuntimeWarning: Number of calls to function has reached maxfev = 800.
  warnings.warn(errors[info][0], RuntimeWarning)
['lcmultifit.py', '2']
tparams: [65.503253568828242, [167.83226962281952, 83.36420592699281, 23.865261127401752], [332.75115529055569, 28.447864462333214, 13.51079002536019]]

first spot
lightcurve:
[ 0.96671106  0.96739884  0.96813557  0.96890794  0.96970297  0.97050852
  0.97131376  0.9721095   0.97288849  0.97364558  0.97437774  0.97508397
  0.9757651   0.97642354  0.97705092  0.97756484  0.97791578  0.97808958
  0.97808856  0.97792665  0.97762886  0.97723408  0.97680936  0.97639567
  0.97599609  0.97561318  0.97524945  0.9749073   0.97458904  0.97429679
  0.97403256  0.97379816  0.97359523  0.97342517  0.97328918  0.97318823
  0.97312302  0.97309403  0.97310147  0.97314527  0.97322512  0.97334046
  0.97349048  0.97367411  0.97389006  0.97413683  0.97441272  0.97471456
  0.97499473  0.9751899   0.97526341  0.97519183  0.97496264  0.9745759
  0.97404881  0.97343766  0.97281919  0.97219696  0.97156817  0.97093117
  0.97028531  0.96963224  0.96897592  0.96832247  0.96767997  0.96705821
  0.96646828  0.96592213  0.96543205  0.96501012  0.96466764  0.9644146
  0.96425922  0.96420753  0.96426305  0.96442665  0.96469645  0.96506789
  0.96553392  0.96608531]

best fits:
opt: [  20.11338574  316.1654453    69.88777295   17.5546352 ] sse: 0.000435576116372 p1: [  17.31703937  316.15237935   66.84617434   17.59477587]
opt: [   3.92499543  316.07690488   15.33594728   33.31832821] sse: 0.00043776567189 p1: [   3.90988497  314.57437967   16.41904505   32.6048762 ]
opt: [  74.66433482  316.07690281   86.07502025   33.31851814] sse: 0.0004377656719 p1: [  75.27477736  315.76992038   86.11016444   33.70001284]
opt: [  78.86934859  136.07088404   93.75010579   36.3025751 ] sse: 0.000438106821779 p1: [  23.03656169  135.99875482  103.56008086   17.32145972]
opt: [  90.06584665  315.97594777  -86.47065715   44.72914478] sse: 0.00044014347792 p1: [  90.00616509  318.98361852  -86.35444871   44.26970807]
opt: [  90.04942515  135.98117014  -93.5041543    44.74425958] sse: 0.000440193610703 p1: [ 124.55967456  182.25782353  -92.32874138   23.03483361]
opt: [  -3.44922163  135.98645497    1.13172224   43.89939143] sse: 0.000440581928705 p1: [  -6.7558653   140.05575946   40.45008413   21.37810481]
opt: [ 19.8170512  -29.33501396  70.18606417  17.51963684] sse: 0.000498111796916 p1: [ 12.15640435 -27.11100793  58.01407081  18.27905361]
opt: [  3.80742272 -29.30800056  15.35200029  33.32259806] sse: 0.000500971281305 p1: [  1.96577197 -35.2222559   10.05971232  36.56327844]
opt: [ 90.06985868 -29.25659355 -86.580841    44.74299589] sse: 0.000504116700495 p1: [ 94.40498638 -16.71450234 -86.58980598  42.08767687]
opt: [  -8.75517692  316.07541059  107.49179166   16.80987407] sse: 0.000799797245264 p1: [  -6.15077642  335.49787159  102.0120246    16.38573849]

inc: 20.1133857371 spot # 2
residual lightcurve:
[ 0.99823208  0.99862188  0.99904111  0.9994788   0.99992441  1.00036827
  1.00080207  1.00121916  1.00161481  1.00198636  1.0023332   1.00265672
  1.00296007  1.00324785  1.00351383  1.00367761  1.00369158  1.00354335
  1.00323692  1.00278776  1.00222231  1.00158076  1.00093131  1.00031602
  0.99973886  0.99920322  0.9987123   0.99826906  0.99787623  0.99753629
  0.99725145  0.9970236   0.99685435  0.99674496  0.99669638  0.99670916
  0.99678354  0.99691935  0.99711604  0.99737272  0.99768806  0.9980604
  0.99848769  0.9989675   0.99949707  1.00007329  1.00069274  1.0013504
  1.00199669  1.00256622  1.00302017  1.00333284  1.00348938  1.00348744
  1.00334173  1.00310607  1.00285465  1.00258851  1.00230235  1.00199205
  1.00165456  1.00128925  1.00089788  1.00048453  1.00005541  0.99961861
  0.99918376  0.99876154  0.99836324  0.99800019  0.9976832   0.99742206
  0.99722505  0.99709854  0.99704668  0.9970712   0.99717135  0.99734393
  0.99758347  0.99788254]

best fits:
opt: [ 154.01747141  -38.23829922   34.50254109] sse: 0.000337913492683 p1: [-1.84317386  8.12142476  2.0673727 ]
opt: [ 154.01563151  -38.26438725   34.5257958 ] sse: 0.00033791349848 p1: [ 155.07052364   -6.61165416    7.40138651]
opt: [ 154.01647689  -38.21203492   34.47910158] sse: 0.000337913498664 p1: [ 133.19141777   29.40076839    1.13598563]
opt: [ 154.01474559  -38.18076571   34.45122163] sse: 0.0003379135219 p1: [ -3.67003126 -36.58844011  22.94647355]
opt: [ 154.01900963  -38.13885874   34.4138573 ] sse: 0.000337913579781 p1: [ 159.39861366   -2.78002251    2.83722631]
opt: [ 154.01691777  -38.3486527    34.60092286] sse: 0.000337913598321 p1: [ 151.96279189  -12.98402722   12.28011132]
opt: [ 154.01876002  -38.10972542   34.38788271] sse: 0.000337913637672 p1: [ 152.82502952  -31.18070181   22.09825294]
opt: [ 154.0176587   -38.08484758   34.3657065 ] sse: 0.000337913698533 p1: [ 176.05393125   55.84585076    0.69137414]
opt: [ 333.59072954  -38.3294738    33.63867728] sse: 0.00036755599853 p1: [ 334.12019701  -38.29277034   33.52341763]
opt: [ 333.59721682  -38.49479596   33.78681935] sse: 0.000367556177516 p1: [ 325.08941932   -4.65428304    6.37639998]
opt: [ 333.59425055  -38.1114811    33.44350875] sse: 0.000367556258381 p1: [ 332.68412435  -28.41413646   24.86889885]
opt: [ -8.51380019 -17.11754999  14.40087756] sse: 0.00039155141935 p1: [-7.57714696 -9.8575718   8.03994557]
opt: [ 180.   -36.    11.5] sse: 0.000435576116372 p1: [ 180.   -36.    11.5]
opt: [ 180.   -72.    11.5] sse: 0.000435576116372 p1: [ 180.   -72.    11.5]
opt: [ 252.   -72.    11.5] sse: 0.000435576116372 p1: [ 252.   -72.    11.5]
opt: [ 108.   -36.    14.5] sse: 0.000435576116372 p1: [ 108.   -36.    14.5]
opt: [ 36.  -72.   11.5] sse: 0.000435576116372 p1: [ 36.  -72.   11.5]
opt: [ 108.   -72.    14.5] sse: 0.000435576116372 p1: [ 108.   -72.    14.5]
opt: [ 108.   -36.    11.5] sse: 0.000435576116372 p1: [ 108.   -36.    11.5]
opt: [ 108.   -72.    11.5] sse: 0.000435576116372 p1: [ 108.   -72.    11.5]
opt: [ 324.   -72.    11.5] sse: 0.000435576116372 p1: [ 324.   -72.    11.5]
opt: [ 108.   -72.    23.5] sse: 0.000435576116372 p1: [ 108.   -72.    23.5]

inc: 3.92499543334 spot # 2
residual lightcurve:
[ 0.99822804  0.99861957  0.99904041  0.99947954  0.99992636  1.00037119
  1.00080568  1.00122316  1.00161892  1.0019903   1.00233673  1.00265963
  1.00296216  1.003249    1.00351393  1.00367662  1.00368949  1.00354019
  1.00323277  1.00278272  1.00221648  1.00157429  1.00092434  1.00030869
  0.99973131  0.9991956   0.99870472  0.99826165  0.9978691   0.99752954
  0.99724516  0.99701787  0.99684926  0.99674061  0.99669285  0.99670655
  0.99678195  0.99691888  0.99711682  0.99737483  0.99769163  0.99806551
  0.99849441  0.99897589  0.99950714  1.00008504  1.0007061   1.00136527
  1.00201293  1.00258362  1.00303849  1.00335178  1.00350862  1.00350661
  1.00336046  1.00312397  1.00287134  1.00260362  1.00231553  1.00200303
  1.00166309  1.00129516  1.00090106  1.00048497  1.00005315  0.99961379
  0.99917657  0.99875227  0.99835221  0.99798778  0.99766982  0.99740813
  0.997211    0.99708477  0.99703358  0.99705911  0.99716056  0.99733466
  0.99757589  0.99787672]

best fits:
opt: [ 154.23171721  -48.3949949    52.09529818] sse: 0.000419294674951 p1: [ 154.985806    -16.36784848   21.05068583]
opt: [ 154.16736253  -33.96688579   38.09622937] sse: 0.000421571198112 p1: [ 152.2552074   -31.02479804   35.14784017]
opt: [ 333.07633979  -67.64994492   70.14302824] sse: 0.0004227513734 p1: [ 330.4764073   -66.63393581   68.92120424]
opt: [ 153.89550764  -14.75096658   19.6347746 ] sse: 0.00042539761723 p1: [ 135.21748121   -6.57679298   10.61034168]
opt: [ 153.8178289   -12.70525308   17.69921984] sse: 0.000425939749024 p1: [ 162.12738359   -1.28142548    4.93159136]
opt: [ 155.47591292  -11.8089186    16.85317671] sse: 0.000426195581068 p1: [ 257.44386273    6.37761721    1.20418984]
opt: [ 153.52273455  -11.79590126   16.84184626] sse: 0.000426199883681 p1: [ 121.49142708    4.18129503    2.28484227]
opt: [ 153.72922596  -11.4845731    16.54904245] sse: 0.000426287198999 p1: [ 176.29139745    4.03748319    3.84727726]
opt: [ 333.61409523  -20.55072957   24.22841825] sse: 0.000428464264673 p1: [ 334.58317901  -16.0180735    19.69564363]
opt: [ 333.84363692  -11.74941432   15.68194791] sse: 0.000430137945732 p1: [ 339.64790353   -2.05475146    2.79748574]
opt: [ 167.51830549   22.82807028    0.52686168] sse: 0.00043774046871 p1: [ 188.07375839   56.7461296     0.42986941]
opt: [ 164.99992163   40.33364723    0.30514507] sse: 0.000437754739503 p1: [ 155.25703511   76.39288791    0.23632446]
opt: [ 160.80867081   39.96399353    0.30216637] sse: 0.00043775488858 p1: [ 146.12879152   52.44540738   -0.28872429]
opt: [ 180.   -72.    14.5] sse: 0.00043776567189 p1: [ 180.   -72.    14.5]
opt: [ 108.   -72.    11.5] sse: 0.00043776567189 p1: [ 108.   -72.    11.5]
opt: [ 36.  -36.   11.5] sse: 0.00043776567189 p1: [ 36.  -36.   11.5]
opt: [ 142.41466757  -19.70666747    4.27535994] sse: 0.00043776567189 p1: [ 142.41466757  -19.70666747    4.27535994]
opt: [ 108.   -36.    17.5] sse: 0.00043776567189 p1: [ 108.   -36.    17.5]
opt: [ 36.  -72.   11.5] sse: 0.00043776567189 p1: [ 36.  -72.   11.5]
opt: [ 180.   -72.    20.5] sse: 0.00043776567189 p1: [ 180.   -72.    20.5]
opt: [ 36.  -72.   20.5] sse: 0.00043776567189 p1: [ 36.  -72.   20.5]
opt: [ 165.57979109  -17.0167314    10.48804563] sse: 0.00043776567189 p1: [ 165.57979109  -17.0167314    10.48804563]
opt: [ 180.   -72.    11.5] sse: 0.00043776567189 p1: [ 180.   -72.    11.5]
opt: [ 252.   -72.    11.5] sse: 0.00043776567189 p1: [ 252.   -72.    11.5]
opt: [ 36.  -36.   17.5] sse: 0.00043776567189 p1: [ 36.  -36.   17.5]
opt: [ 66.32750784 -39.08984854   1.56288209] sse: 0.00043776567189 p1: [ 66.32750784 -39.08984854   1.56288209]
opt: [ 180.   -36.    11.5] sse: 0.00043776567189 p1: [ 180.   -36.    11.5]
opt: [ 108.   -36.    11.5] sse: 0.00043776567189 p1: [ 108.   -36.    11.5]
opt: [ 108.   -36.    23.5] sse: 0.00043776567189 p1: [ 108.   -36.    23.5]
opt: [ 180.   -36.    23.5] sse: 0.00043776567189 p1: [ 180.   -36.    23.5]

inc: 74.6643348249 spot # 2
residual lightcurve:
[ 0.99822803  0.99861956  0.9990404   0.99947953  0.99992635  1.00037118
  1.00080567  1.00122315  1.00161891  1.00199029  1.00233672  1.00265962
  1.00296216  1.00324899  1.00351392  1.00367662  1.00368948  1.00354019
  1.00323277  1.00278271  1.00221648  1.00157428  1.00092433  1.00030868
  0.99973131  0.99919559  0.99870472  0.99826165  0.9978691   0.99752954
  0.99724516  0.99701787  0.99684926  0.99674061  0.99669284  0.99670655
  0.99678195  0.99691888  0.99711682  0.99737483  0.99769162  0.9980655
  0.9984944   0.99897588  0.99950714  1.00008503  1.00070609  1.00136527
  1.00201292  1.00258362  1.00303848  1.00335178  1.00350861  1.0035066
  1.00336045  1.00312396  1.00287133  1.00260361  1.00231552  1.00200302
  1.00166308  1.00129514  1.00090105  1.00048495  1.00005314  0.99961377
  0.99917656  0.99875225  0.9983522   0.99798777  0.9976698   0.99740811
  0.99721098  0.99708476  0.99703356  0.9970591   0.99716054  0.99733464
  0.99757587  0.99787671]

best fits:
opt: [ 153.93979863  -61.52048653   10.89830755] sse: 0.00033760555796 p1: [ 153.39136468  -55.06845888    6.55632328]
opt: [ 333.56831049  -62.820277     10.4882256 ] sse: 0.000369037013165 p1: [ 334.01942405  -62.69396554   10.45627577]
opt: [ -9.17304038 -63.57175398   9.96287975] sse: 0.000389834563557 p1: [ -5.13252134 -68.97227583  11.23894462]
opt: [ -9.17068452 -63.76036061  10.05205662] sse: 0.000389843682634 p1: [ -4.82150764 -78.20978965  16.6408004 ]
opt: [ -9.16837245 -63.61695709   9.98411618] sse: 0.000389844967849 p1: [ -4.70715446 -75.69670091  15.09234857]
opt: [ -8.63884195 -56.83951599   7.28733901] sse: 0.000394263036693 p1: [-4.19185263  5.12714719  1.78027018]
opt: [ 334.21757483  -97.0134311    20.50407906] sse: 0.000404689938264 p1: [ 334.41342957  -98.68714295   20.58681908]

inc: 78.8693485913 spot # 2
residual lightcurve:
[ 0.99820091  0.9985952   0.99901896  0.99946114  0.99991112  1.00035919
  1.00079697  1.00121777  1.00161684  1.00199151  1.00234117  1.00266721
  1.00297281  1.00326259  1.00353035  1.00369573  1.00371112  1.00356421
  1.00325899  1.00281098  1.00224662  1.00160611  1.00095768  1.00034338
  0.99976717  0.99923246  0.99874241  0.9983      0.99790794  0.9975687
  0.99728449  0.99705719  0.99688841  0.99677942  0.99673114  0.99674417
  0.99681872  0.99695463  0.99715137  0.99740801  0.99772325  0.9980954
  0.99852239  0.99900179  0.9995308   1.00010627  1.00072475  1.0013812
  1.00202599  1.00259369  1.00304546  1.00335557  1.00350914  1.00350383
  1.00335435  1.00311453  1.0028586   1.00258764  1.00229641  1.00198087
  1.00163804  1.00126739  1.00087077  1.00045237  1.00001849  0.99957733
  0.9991386   0.99871307  0.9983121   0.99794706  0.99762881  0.99736716
  0.99717039  0.99704485  0.99699466  0.99702148  0.99712452  0.99730048
  0.99754383  0.99784702]

best fits:
opt: [ 154.01216913  -65.00589188   10.03757111] sse: 0.000350421739433 p1: [ 157.43139155  -60.82109082    8.16219974]
opt: [ 333.41268457  -66.22623946    9.76464937] sse: 0.000373780067372 p1: [ 337.89550672  -60.72325697    8.00063414]
opt: [ -8.60568127 -67.12073715   9.22066766] sse: 0.000394562928052 p1: [ -3.73344804 -72.97482089  12.00920452]
opt: [ -7.80857782 -58.07204501   6.3438718 ] sse: 0.000400583889902 p1: [-0.60214413 -3.51652199  1.80165314]
opt: [ 334.38934677  -96.39449916   16.51783798] sse: 0.000412648934057 p1: [ 340.42831978  -95.75128594   15.57442701]

inc: 90.0658466491 spot # 2
residual lightcurve:
[ 0.99821238  0.99860598  0.99902894  0.9994702   0.99991912  1.00036597
  1.00080236  1.0012216   1.00161894  1.00199168  1.00233925  1.00266305
  1.00296626  1.00325353  1.00351867  1.00368136  1.00369404  1.0035444
  1.0032365   1.00278587  1.00221899  1.00157613  1.00092553  1.00030927
  0.99973137  0.99919524  0.99870409  0.99826091  0.99786843  0.99752913
  0.99724522  0.9970186   0.99685086  0.99674326  0.99669673  0.99671182
  0.99678872  0.99692726  0.99712685  0.99738654  0.99770499  0.99808047
  0.99851086  0.99899368  0.9995261   1.00010492  1.00072665  1.00138621
  1.00203394  1.00260437  1.00305864  1.003371    1.00352656  1.00352295
  1.0033749   1.00313622  1.00288116  1.0026108   1.00231991  1.00200449
  1.00166157  1.00129064  1.0008936   1.00047464  1.00004012  0.99959824
  0.99915874  0.99873243  0.99833068  0.99796489  0.99764592  0.99738359
  0.99718619  0.99706006  0.99700931  0.99703562  0.99713816  0.99731363
  0.99755646  0.9978591 ]

best fits:
opt: [ 154.14228493    0.33954142    3.98611008] sse: 0.00038342500442 p1: [ 148.09259792   57.70255567    5.44106821]
opt: [ 154.13871624    0.46909586    3.98616334] sse: 0.000383425058095 p1: [ 173.61073128   82.05545441    6.50627486]
opt: [  1.54143628e+02   8.75155430e-02   3.98600510e+00] sse: 0.000383425186065 p1: [ 152.53462335   64.76944252    6.00242171]
opt: [  1.54145143e+02  -2.75155759e-02   3.98602624e+00] sse: 0.000383425393844 p1: [ 155.14200594  -46.8443882     4.92671859]
opt: [ 154.15518889   -0.89766911    3.80857733] sse: 0.000383858857118 p1: [ 151.73814095    1.94741055    3.12749481]
opt: [  3.33309622e+02   3.30124447e-01   3.61809106e+00] sse: 0.000401609860239 p1: [ 333.91642758   37.2259017     4.0191696 ]
opt: [  3.33308736e+02   2.21751880e-01   3.61824763e+00] sse: 0.000401609883038 p1: [ 329.51099085  -79.6022325     7.90735022]
opt: [  3.33794125e+02  -4.55262505e-02   3.61716610e+00] sse: 0.000401620375417 p1: [ 333.80818479   -0.67466411    3.61715936]
opt: [ -4.7042481   69.70696911   5.15687153] sse: 0.000425453615625 p1: [ -4.1124447   86.05874699   6.74414044]
opt: [ -1.86069445e-03  -9.01988668e+01   3.80270273e+00] sse: 0.000440123450773 p1: [ 22.36628891 -90.33873701   7.33461659]
opt: [ -2.97478657e-03  -9.06493666e+01   6.00261049e+00] sse: 0.000440243716362 p1: [  4.05628825 -92.04358739   6.49881576]
opt: [  3.18530752e-02  -9.05054858e+01   6.10754628e+00] sse: 0.000440367187168 p1: [ 12.08275154 -89.54792709   6.89904531]
opt: [  1.42516726e-02  -9.06346178e+01   6.35552288e+00] sse: 0.000440405080998 p1: [ 13.86796348 -90.77432228   8.08603553]
opt: [  1.24738827  90.66164813   6.50835383] sse: 0.000440418058399 p1: [  3.56732528  90.8433423    7.70679291]

inc: 90.0494251527 spot # 2
residual lightcurve:
[ 0.99819042  0.99858621  0.9990115   0.99945521  0.99990667  1.00035613
  1.00079519  1.00121713  1.00161718  1.00199264  1.0023429   1.00266936
  1.00297517  1.00326497  1.00353257  1.00369762  1.00371254  1.00356504
  1.00325914  1.00281039  1.00224524  1.00160397  1.00095479  1.00033981
  0.99976302  0.99922783  0.99873746  0.99829488  0.99790284  0.99756381
  0.99727999  0.99705329  0.99688529  0.99677727  0.99673014  0.99674447
  0.99682044  0.99695788  0.99715621  0.99741449  0.99773137  0.99810513
  0.99853367  0.9990145   0.99954479  1.00012138  1.00074077  1.00139789
  1.0020431   1.00261094  1.00306256  1.00337224  1.0035251   1.00351877
  1.00336802  1.00312669  1.002869    1.0025961   1.00230277  1.001985
  1.00163987  1.00126687  1.00086792  1.00044725  1.00001119  0.99956799
  0.99912739  0.99870021  0.99829783  0.99793165  0.99761254  0.99735032
  0.99715327  0.99702774  0.99697784  0.99700522  0.99710905  0.99728603
  0.99753056  0.99783509]

best fits:
opt: [ 154.23265142    0.25678354    3.94512594] sse: 0.000385765087883 p1: [ 154.97732182  -47.32193659    4.90677068]
opt: [  1.54233061e+02   7.30421127e-02   3.94481919e+00] sse: 0.000385765181397 p1: [ 153.06279712  -83.39822656    7.65647117]
opt: [  1.54234337e+02   2.73136718e-02   3.92778668e+00] sse: 0.000385769384396 p1: [ 165.91672682   19.48686606    0.77161424]
opt: [  3.33186603e+02   2.34170109e-01   3.65727939e+00] sse: 0.000399972473131 p1: [ 333.7917741   -22.96154423    3.76978986]
opt: [ 333.18602364    0.349448      3.65732559] sse: 0.000399972496258 p1: [ 326.99166994   54.39956933    6.54989755]
opt: [  3.33298459e+02   5.32081590e-02   3.65828343e+00] sse: 0.00039997312787 p1: [ 333.34772583    2.61767483    3.65844165]
opt: [ -5.21762712  60.0664377    4.46258904] sse: 0.000423130234885 p1: [ 23.63605981  88.5841208    5.7175246 ]
opt: [ -4.48836697  70.61778201   5.32565885] sse: 0.000425151785247 p1: [  1.09101848  90.6020656    7.69274887]
opt: [  5.2610688  -90.07417757   2.76988622] sse: 0.000440189099827 p1: [ 13.98393671 -90.55908103   7.83786641]
opt: [  3.19590416e-02  -9.03326001e+01   5.97414531e+00] sse: 0.000440493165101 p1: [ 68.4053714  -90.67850237   8.14719936]
opt: [ -6.37856455e-03  -9.04794428e+01   6.34271161e+00] sse: 0.000440598065744 p1: [ 27.0545255  -90.11487601   7.60291739]
opt: [ -6.10484028e-03   9.05074704e+01   6.64719695e+00] sse: 0.000440716782254 p1: [ -0.15869297  90.20698576   7.51747134]
opt: [  4.97420975e-03   9.05034857e+01   6.95354908e+00] sse: 0.000440945114989 p1: [ 25.78583232  90.05899909   8.03428886]
opt: [  6.70467836e-03  -9.08193623e+01   7.39378660e+00] sse: 0.000441260834248 p1: [ 10.07288751 -90.9038881    7.51763318]

inc: -3.44922163082 spot # 2
residual lightcurve:
[ 0.99812766  0.99852962  0.99896146  0.99941207  0.99987071  1.0003276
  1.00077428  1.00120397  1.00161185  1.00199517  1.00235329  1.00268752
  1.00300099  1.00329829  1.00357319  1.00374529  1.00376699  1.00362593
  1.00332614  1.0028831   1.00232327  1.00168688  1.00104213  1.00043111
  0.99985779  0.99932558  0.99883767  0.99839704  0.99800641  0.99766827
  0.9973848   0.99715792  0.99698921  0.99687994  0.99683104  0.99684306
  0.99691622  0.99705034  0.99724487  0.99749887  0.99781102  0.9981796
  0.99860254  0.99907739  0.99960135  1.00017127  1.00078369  1.00143359
  1.00207136  1.0026316   1.00307548  1.00337733  1.00352232  1.00350815
  1.00334962  1.00310062  1.00283544  1.00255527  1.00225494  1.00193051
  1.00157908  1.00120022  1.00079588  1.00037031  0.99992993  0.99948298
  0.99903926  0.99860959  0.99820539  0.99783806  0.99751849  0.9972565
  0.99706037  0.99693645  0.99688882  0.99691912  0.9970265   0.99720762
  0.99745686  0.99776662]

best fits:
opt: [ 334.60520609  -37.89980995   41.44688468] sse: 0.00042937619076 p1: [ 338.24928395  -35.99942577   39.14989943]
opt: [ 152.21293079  -35.20119159   38.74250748] sse: 0.000430119818487 p1: [ 152.05866823  -14.5936185    19.02690175]
opt: [ 335.42236714  -21.41138348   25.41635763] sse: 0.000431551910563 p1: [ 339.70902858  -17.92257073   21.78029897]
opt: [ 335.88421024  -11.17567953   15.57977816] sse: 0.000433355064839 p1: [ 323.61866201    0.69197794    4.92913905]
opt: [ 335.94017634  -11.03440932   15.44513409] sse: 0.000433385610678 p1: [ 111.73871503   -2.9441247     3.09427174]
opt: [ -0.83341036 -11.63736683  15.57254243] sse: 0.000436105531421 p1: [ -1.66272301 -11.99887099  15.01879573]
opt: [-0.49594754 -0.5154497   4.83724684] sse: 0.000438385574487 p1: [ 24.63053355   3.94360232   1.94353131]
opt: [-0.41394263 -0.38353117  4.65309482] sse: 0.000438464698639 p1: [ 3.97435275  2.37460595  3.85756165]
opt: [ 252.   -36.    20.5] sse: 0.000440581928705 p1: [ 252.   -36.    20.5]
opt: [ 252.   -72.    17.5] sse: 0.000440581928705 p1: [ 252.   -72.    17.5]
opt: [ 180.   -36.    11.5] sse: 0.000440581928705 p1: [ 180.   -36.    11.5]
opt: [ 252.   -36.    11.5] sse: 0.000440581928705 p1: [ 252.   -36.    11.5]
opt: [ 252.   -72.    11.5] sse: 0.000440581928705 p1: [ 252.   -72.    11.5]
opt: [ 54.85371987 -80.2421279   67.93149976] sse: 0.000440581928705 p1: [ 54.85371987 -80.2421279   67.93149976]
opt: [ 324.   -36.    14.5] sse: 0.000440581928705 p1: [ 324.   -36.    14.5]
opt: [ 324.   -36.    20.5] sse: 0.000440581928705 p1: [ 324.   -36.    20.5]
opt: [ 180.   -72.    11.5] sse: 0.000440581928705 p1: [ 180.   -72.    11.5]
opt: [ 109.97801843  -40.25181941   12.28746632] sse: 0.000440581928705 p1: [ 109.97801843  -40.25181941   -0.27707464]
opt: [ 324.   -36.    17.5] sse: 0.000440581928705 p1: [ 324.   -36.    17.5]
opt: [ 36.  -72.   11.5] sse: 0.000440581928705 p1: [ 36.  -72.   11.5]
opt: [ 245.54083166  -39.56234695    3.96817558] sse: 0.000440581928705 p1: [ -1.14212818 -39.56234695   3.96817558]
opt: [ 180.   -72.    14.5] sse: 0.000440581928705 p1: [ 180.   -72.    14.5]
opt: [ 108.   -36.    11.5] sse: 0.000440581928705 p1: [ 108.   -36.    11.5]
opt: [ 324.   -72.    11.5] sse: 0.000440581928705 p1: [ 324.   -72.    11.5]
opt: [ 180.   -36.    20.5] sse: 0.000440581928705 p1: [ 180.   -36.    20.5]
opt: [ 324.   -36.    11.5] sse: 0.000440581928705 p1: [ 324.   -36.    11.5]
opt: [ 108.   -72.    20.5] sse: 0.000440581928705 p1: [ 108.   -72.    20.5]
opt: [ 108.   -72.    11.5] sse: 0.000440581928705 p1: [ 108.   -72.    11.5]
opt: [  2.84781917e+01   8.03538035e+01   5.38990856e-02] sse: 0.000440582167977 p1: [  3.12229256e+02   8.45310844e+01   5.39492647e-02]
opt: [  3.59904929e+02   7.12583015e+01   2.19572840e-01] sse: 0.000440587287658 p1: [  3.05958230e+02   7.15762196e+01   2.19770581e-01]

inc: 19.817051195 spot # 2
residual lightcurve:
[ 0.9989295   0.99940369  0.99990136  1.00041105  1.00092181  1.00142361
  1.00190787  1.00236774  1.00279837  1.00319703  1.00356313  1.00389812
  1.00420527  1.00448933  1.00474429  1.00489     1.0048791   1.00469952
  1.00435558  1.00386308  1.00324879  1.00255328  1.00184512  1.00116671
  1.0005224   0.99991596  0.99935096  0.99883072  0.99835836  0.99793673
  0.9975684   0.99725564  0.99700045  0.99680445  0.99666896  0.99659494
  0.99658299  0.99663334  0.99674584  0.99691997  0.99715484  0.99744916
  0.99780131  0.99820929  0.99867074  0.99918297  0.99974298  1.00034618
  1.00094341  1.00146966  1.00188652  1.00216867  1.00230161  1.00228328
  1.00212872  1.00189198  1.00164744  1.00139629  1.00113332  1.00085442
  1.00055649  1.00023876  0.99990281  0.99955241  0.99919342  0.99883347
  0.99848167  0.99814812  0.99784345  0.99757825  0.99736257  0.9972054
  0.99711416  0.99709435  0.99714926  0.99727975  0.9974842   0.99775859
  0.99809666  0.99849021]

best fits:
opt: [ 161.39650127  -38.30880912   35.09474165] sse: 0.000391693222063 p1: [ 254.30233565   35.3758847     1.34004868]
opt: [ 161.40263198  -38.24336778   35.03635343] sse: 0.000391693248153 p1: [ 163.33314315   -8.95302776    9.69413955]
opt: [ 161.39412409  -38.38712943   35.16459049] sse: 0.000391693294133 p1: [ 166.89233533  -12.29290386    6.5946641 ]
opt: [ 161.39453981  -38.1724012    34.97308547] sse: 0.000391693358589 p1: [ 202.47050223   13.73108932    1.8849837 ]
opt: [ 161.39685341  -38.47802918   35.24562651] sse: 0.000391693510733 p1: [ 160.69536572  -39.60936475   36.30690006]
opt: [ 161.39688022  -38.10200366   34.9103898 ] sse: 0.000391693556029 p1: [ 170.42036995   -8.65583152    2.07627952]
opt: [ 161.39665508  -38.04852242   34.86272623] sse: 0.000391693765606 p1: [ 190.30624713   -1.79007252    6.34549359]
opt: [ 323.61240839  -38.56580763   34.11795994] sse: 0.000430517166615 p1: [ 322.70105783  -33.66446089   29.73699637]
opt: [ 323.60980963  -38.49011322   34.05004892] sse: 0.000430517192305 p1: [ 322.95482449  -29.68342239   26.23303239]
opt: [ -8.93895157 -32.99206101  26.59175449] sse: 0.000472983328027 p1: [  4.85029815 -38.25986414  21.40459432]
opt: [ 223.92663124   17.61710455    3.71223198] sse: 0.000478947054086 p1: [ 223.0590953    24.747503      3.01595652]
opt: [ -7.25809594 -13.48484431   9.68726719] sse: 0.000479692050368 p1: [-8.08476856 -6.3657507   5.50876681]
opt: [ 180.   -72.    14.5] sse: 0.000498111796916 p1: [ 180.   -72.    14.5]
opt: [ 223.51856978  -40.55237301    7.00728688] sse: 0.000498111796916 p1: [ 223.51856978  -40.55237301    7.00728688]
opt: [ 180.   -72.    11.5] sse: 0.000498111796916 p1: [ 180.   -72.    11.5]
opt: [ 200.86014991  -37.35525919   16.16622258] sse: 0.000498111796916 p1: [ 200.86014991  -37.35525919   16.16622258]
opt: [ 108.   -72.    14.5] sse: 0.000498111796916 p1: [ 108.   -72.    14.5]
opt: [ 36.  -72.   11.5] sse: 0.000498111796916 p1: [ 36.  -72.   11.5]
opt: [ 180.   -72.    23.5] sse: 0.000498111796916 p1: [ 180.   -72.    23.5]
opt: [ 180.   -36.    11.5] sse: 0.000498111796916 p1: [ 180.   -36.    11.5]
opt: [ 36.  -36.   11.5] sse: 0.000498111796916 p1: [ 36.  -36.   11.5]
opt: [ 222.87082426  -29.43886288    5.56336092] sse: 0.000498111796916 p1: [ 222.87082426  -29.43886288    5.56336092]
opt: [ 36.  -72.   14.5] sse: 0.000498111796916 p1: [ 36.  -72.   14.5]
opt: [ 108.   -36.    11.5] sse: 0.000498111796916 p1: [ 108.   -36.    11.5]

inc: 3.80742271957 spot # 2
residual lightcurve:
[ 0.99892357  0.99940011  0.99990022  1.00041235  1.00092545  1.00142947
  1.00191575  1.00237738  1.00280948  1.00320929  1.00357621  1.00391168
  1.00421897  1.00450287  1.00475738  1.00490239  1.00489059  1.00470993
  1.00436479  1.00387101  1.00325541  1.00255858  1.00184912  1.00116948
  1.00052403  0.99991653  0.99935057  0.99882949  0.99835639  0.99793413
  0.99756526  0.99725208  0.99699654  0.9968003   0.99666466  0.99659057
  0.99657864  0.99662911  0.99674184  0.9969163   0.99715162  0.99744651
  0.99779935  0.99820812  0.99867047  0.99918371  0.99974479  1.00034911
  1.00094748  1.00147486  1.00189278  1.00217589  1.00230964  1.00229194
  1.00213779  1.00190119  1.00165651  1.00140492  1.0011412   1.00086125
  1.00056198  1.00024265  0.99990487  0.99955247  0.99919137  0.99882926
  0.99847533  0.99813973  0.99783318  0.99756633  0.9973493   0.99719111
  0.99709923  0.99707921  0.99713432  0.99726543  0.9974709   0.9977467
  0.9980865   0.99848206]

best fits:
opt: [ 173.59989321  -60.55528808   64.66330793] sse: 0.000476216929866 p1: [ 175.66562022  -58.12092804   62.37323233]
opt: [ 174.6002403   -45.46023977   50.24643621] sse: 0.000478481676006 p1: [ 180.69089495  -14.04747261   20.36542182]
opt: [ 175.70772965  -39.50184641   44.53442742] sse: 0.000479398748933 p1: [ 173.97514805  -36.29312134   41.5855486 ]
opt: [ 176.26654495  -30.83388765   36.26054687] sse: 0.000480803764969 p1: [ 180.29259078  -26.07261513   31.37135301]
opt: [ 177.44317321  -27.88023858   33.43900591] sse: 0.000481317652043 p1: [ 180.78220227   -3.86601907   10.40309797]
opt: [ 178.16803577  -18.57839576   24.66963894] sse: 0.000483125569879 p1: [ 192.28970405    1.76514877    7.28788526]
opt: [ 179.52222297  -17.96252103   24.07644909] sse: 0.000483264033918 p1: [ 208.15808437   -8.17672584   14.97299813]
opt: [ 179.00825039  -14.07332209   20.47736084] sse: 0.000484175681878 p1: [ 250.56971888    2.96479704    5.81340144]
opt: [ 179.15271391  -14.01376141   20.42403637] sse: 0.000484188949793 p1: [ 228.97099888    5.02108557    4.34835515]
opt: [ 184.59161681   -5.79952006   12.96861792] sse: 0.000486696596167 p1: [ 187.87168504   43.48467026    0.68362252]
opt: [ 310.33955389  -19.19692407   23.90391698] sse: 0.000490832136825 p1: [ 288.28176855  -13.18229853   18.60895577]
opt: [ 237.67508054   10.82558605    0.36832512] sse: 0.000500893844928 p1: [ 232.1894356    67.39512078    0.23873327]
opt: [ 108.   -36.    11.5] sse: 0.000500971281305 p1: [ 108.   -36.    11.5]
opt: [ 210.71491715  -29.8526719    10.80360872] sse: 0.000500971281305 p1: [ 210.71491715  -29.8526719    10.80360872]
opt: [ 252.   -36.    11.5] sse: 0.000500971281305 p1: [ 252.   -36.    11.5]
opt: [ 324.   -36.    11.5] sse: 0.000500971281305 p1: [ 324.   -36.    11.5]
opt: [ 252.   -72.    11.5] sse: 0.000500971281305 p1: [ 252.   -72.    11.5]
opt: [ 36.  -72.   20.5] sse: 0.000500971281305 p1: [ 36.  -72.   20.5]
opt: [ 311.07845492  -31.31566345   14.47000783] sse: 0.000500971281305 p1: [ 311.07845492  -31.31566345   14.47000783]
opt: [ 252.   -72.    17.5] sse: 0.000500971281305 p1: [ 252.   -72.    17.5]
opt: [ 108.   -36.    20.5] sse: 0.000500971281305 p1: [ 108.   -36.    20.5]
opt: [ 180.   -72.    11.5] sse: 0.000500971281305 p1: [ 180.   -72.    11.5]
opt: [ 252.   -36.    20.5] sse: 0.000500971281305 p1: [ 252.   -36.    20.5]
opt: [ 258.25001796  -53.02726844   14.94998351] sse: 0.000500971281305 p1: [ 258.25001796  -53.02726844   14.94998351]
opt: [ 36.  -72.   17.5] sse: 0.000500971281305 p1: [ 36.  -72.   17.5]
opt: [ 193.57472295  -29.04140828   13.8462649 ] sse: 0.000500971281305 p1: [ 193.57472295  -29.04140828   13.8462649 ]
opt: [ 36.  -72.   11.5] sse: 0.000500971281305 p1: [ 36.  -72.   11.5]
opt: [ 36.  -36.   11.5] sse: 0.000500971281305 p1: [ 36.  -36.   11.5]
opt: [ 324.   -72.    14.5] sse: 0.000500971281305 p1: [ 324.   -72.    14.5]
opt: [ 180.   -36.    11.5] sse: 0.000500971281305 p1: [ 180.   -36.    11.5]

inc: 90.0698586822 spot # 2
residual lightcurve:
[ 0.99890416  0.99938333  0.99988622  1.00040127  1.00091737  1.00142441
  1.00191368  1.00237822  1.0028131   1.00321553  1.00358486  1.0039225
  1.0042317   1.00451721  1.00477304  1.00491906  1.00490795  1.0047277
  1.00438268  1.00388876  1.00327278  1.00257536  1.00186514  1.0011846
  1.00053814  0.99992958  0.99936252  0.99884035  0.99836621  0.99794297
  0.99757324  0.99725931  0.99700316  0.99680645  0.9966705   0.99659627
  0.99658436  0.99663499  0.996748    0.99692286  0.99715866  0.9974541
  0.99780751  0.99821685  0.99867974  0.99919343  0.99975486  1.00035939
  1.0009578   1.00148501  1.00190256  1.00218505  1.00231793  1.00229911
  1.00214357  1.00190535  1.00165881  1.00140515  1.00113917  1.00085681
  1.00055502  1.0002331   0.99989271  0.99953772  0.99917409  0.99880958
  0.99845341  0.9981158   0.99780749  0.99753917  0.997321    0.99716203
  0.99706974  0.99704969  0.99710517  0.99723704  0.99744365  0.99772093
  0.99806256  0.99846026]

best fits:
opt: [ 164.67882599    0.33897577    4.16954848] sse: 0.00043624152333 p1: [ 170.00458853  -72.04703509    2.17469311]
opt: [ 164.68001711    0.52433775    4.16963543] sse: 0.00043624162167 p1: [ 202.42439211   81.36170953    8.31302995]
opt: [  1.64683848e+02   2.55430482e-02   4.16947400e+00] sse: 0.000436241821062 p1: [ 169.78182992  -63.07802789    6.41172784]
opt: [  3.20790946e+02   3.00598876e-01   3.66991828e+00] sse: 0.000463361480981 p1: [ 316.24518028  -62.03913978    5.25706596]
opt: [ 320.78972858    0.42559108    3.66996897] sse: 0.000463361485852 p1: [ 323.26301744  -50.74082545    4.68269871]
opt: [ 16.39127506  93.31238948   8.51209467] sse: 0.000494356345812 p1: [ 14.27683371  95.54919888   9.0739602 ]
opt: [ 17.24226494 -93.27089261   8.40233347] sse: 0.000494560751095 p1: [ 14.92694929 -95.49780812   8.99277633]

inc: -8.75517691788 spot # 2
residual lightcurve:
[ 0.99606366  0.99664383  0.99726547  0.99791603  0.99858335  0.99925612
  0.99992437  1.00057979  1.00121604  1.00182886  1.00241612  1.00297773
  1.00351541  1.00403241  1.00452125  1.00490034  1.00512094  1.00516966
  1.00504954  1.00477521  1.0043723   1.0038803   1.0033668   1.00287327
  1.00240322  1.00195961  1.00154527  1.00116289  1.00081498  1.00050383
  1.00023155  1.          0.99981078  0.99966525  0.99956446  0.99950919
  0.9994999   0.99953676  0.9996196   0.99974797  0.99992107  1.00013783
  1.00039685  1.00069647  1.00103473  1.00140942  1.00181809  1.00225681
  1.00267714  1.0030149   1.00323258  1.00330588  1.00322137  1.00297822
  1.00259271  1.00212025  1.00163668  1.0011447   1.00064064  1.00012204
  0.99958746  0.99903781  0.99847635  0.99790856  0.99734194  0.99678574
  0.99625062  0.99574815  0.99529031  0.99488896  0.99455524  0.99429911
  0.99412878  0.9940504   0.99406768  0.99418176  0.99439108  0.9946915
  0.99507648  0.99553733]

best fits:
opt: [ 146.06313635  -59.12032043   65.3503205 ] sse: 0.000524750446049 p1: [ 144.2066582    -2.96407734   14.619211  ]
opt: [ 146.06140119  -58.97841148   65.22136431] sse: 0.000524751792568 p1: [ 145.83653354  -38.18329708   46.18706712]
opt: [ 146.18982768  -56.66445213   63.11350574] sse: 0.000524963993749 p1: [ 136.01990011   -7.09475725   17.75184595]
opt: [ 145.8726058   -53.17382433   59.91726522] sse: 0.000525718381016 p1: [ 142.47460413  -17.1661838    26.98173848]
opt: [ 146.06387177  -52.64092582   59.42924697] sse: 0.00052590888493 p1: [ 144.92468913   -9.79311475   20.08984137]
opt: [ 145.36759886  -52.39289228   59.19535388] sse: 0.000525948564298 p1: [ 143.10313577   -4.35949169   16.18772483]
opt: [ 146.28905474  -50.89216698   57.82383473] sse: 0.000526573240248 p1: [ 46.3925435   10.46567823   0.25416822]
opt: [ 145.72494797  -49.49290956   56.5318839 ] sse: 0.000527073059406 p1: [ 126.67313726    1.91305839   10.06315646]
opt: [ 146.29243913  -49.24036403   56.30329824] sse: 0.000527262022683 p1: [ 149.53893553   -4.27535333   16.28259588]
opt: [ 145.84336744  -48.01881979   55.17389915] sse: 0.000527758245207 p1: [ 148.06467994   -0.90182095   12.00727278]
opt: [ 146.97690294  -46.4993554    53.77113589] sse: 0.000528791304168 p1: [ 116.93771558   34.88897323    2.09030903]
opt: [ 146.28456739  -45.86178779   53.18737987] sse: 0.000528937277315 p1: [ 134.73885149   21.19618333    2.81118033]
opt: [ 145.61972116  -45.09940937   52.47849902] sse: 0.000529275594947 p1: [ 189.7460331    28.71831959    2.68602749]
opt: [ 145.65301332  -43.45714661   50.96196288] sse: 0.000530247360691 p1: [ 144.02577631    1.09311185   11.21925486]
opt: [ 341.26813816  -12.90117467    7.87811095] sse: 0.000799749988911 p1: [ 331.78062154  -11.10431823    4.67722754]
opt: [ 108.   -72.    17.5] sse: 0.000799797245264 p1: [ 108.   -72.    17.5]
opt: [ 36.  -36.   11.5] sse: 0.000799797245264 p1: [ 36.  -36.   11.5]
opt: [ 79.35231918 -59.80883258  14.57568985] sse: 0.000799797245264 p1: [ 79.35231918 -59.80883258  14.57568985]
opt: [ 180.   -36.    11.5] sse: 0.000799797245264 p1: [ 180.   -36.    11.5]
opt: [ 36.  -72.   11.5] sse: 0.000799797245264 p1: [ 36.  -72.   11.5]
opt: [ 64.68234688 -45.30012932   8.89687426] sse: 0.000799797245264 p1: [ 64.68234688 -45.30012932   8.89687426]
opt: [ 108.   -36.    11.5] sse: 0.000799797245264 p1: [ 108.   -36.    11.5]
opt: [ 108.   -36.    17.5] sse: 0.000799797245264 p1: [ 108.   -36.    17.5]
opt: [ 180.   -72.    11.5] sse: 0.000799797245264 p1: [ 180.   -72.    11.5]
opt: [ 180.   -72.    14.5] sse: 0.000799797245264 p1: [ 180.   -72.    14.5]
opt: [ 108.   -72.    11.5] sse: 0.000799797245264 p1: [ 108.   -72.    11.5]
opt: [ 21.4069752  -82.34396352   6.07673317] sse: 0.000799797245264 p1: [ 21.4069752  -82.34396352   6.07673317]
opt: [ 100.09567469  -82.33951598   70.3411287 ] sse: 0.000799797245264 p1: [ 100.09567469  -82.33951598   70.3411287 ]

best final fit:
[74.664334824926598, array([ 316.07690281,   86.07502025,   33.31851814]), array([ 153.93979863,  -61.52048653,   10.89830755])]
sse: 0.00033760555796
intensity:
[ 0.96848303  0.96877928  0.96909517  0.96942841  0.96977662  0.97013735
  0.97050809  0.97088634  0.97126958  0.97165529  0.97204102  0.97242435
  0.97280295  0.97317455  0.973537    0.97388823  0.97422413  0.97452464
  0.97477624  0.97497394  0.97511692  0.97520714  0.97524857  0.97524662
  0.97520772  0.97513882  0.97504694  0.97493886  0.97482079  0.9746982
  0.974575/Library/Frameworks/Python.framework/Versions/6.2/lib/python2.6/site-packages/scipy/optimize/minpack.py:316: RuntimeWarning: Number of calls to function has reached maxfev = 1600.
  warnings.warn(errors[info][0], RuntimeWarning)
79  0.97445533  0.9743376   0.97422331  0.97411309  0.97400747
  0.97390688  0.97381168  0.9737221   0.97363834  0.97356035  0.97348544
  0.97340937  0.97332722  0.97323342  0.97312203  0.97298703  0.97282276
  0.97262429  0.97238801  0.97211197  0.97179664  0.97144589  0.9710693
  0.97068835  0.9703137   0.96994786  0.96959335  0.96925265  0.96892816
  0.96862223  0.96833709  0.96807487  0.96783752  0.96762683  0.96744443
  0.96729172  0.96716988  0.96707986  0.96702236  0.96699784  0.96700649
  0.96704824  0.96712277  0.96722949  0.96736756  0.96753591  0.96773325
  0.96795805  0.9682086 ]

lightcurve:
[ 0.96671106  0.96739884  0.96813557  0.96890794  0.96970297  0.97050852
  0.97131376  0.9721095   0.97288849  0.97364558  0.97437774  0.97508397
  0.9757651   0.97642354  0.97705092  0.97756484  0.97791578  0.97808958
  0.97808856  0.97792665  0.97762886  0.97723408  0.97680936  0.97639567
  0.97599609  0.97561318  0.97524945  0.9749073   0.97458904  0.97429679
  0.97403256  0.97379816  0.97359523  0.97342517  0.97328918  0.97318823
  0.97312302  0.97309403  0.97310147  0.97314527  0.97322512  0.97334046
  0.97349048  0.97367411  0.97389006  0.97413683  0.97441272  0.97471456
  0.97499473  0.9751899   0.97526341  0.97519183  0.97496264  0.9745759
  0.97404881  0.97343766  0.97281919  0.97219696  0.97156817  0.97093117
  0.97028531  0.96963224  0.96897592  0.96832247  0.96767997  0.96705821
  0.96646828  0.96592213  0.96543205  0.96501012  0.96466764  0.9644146
  0.96425922  0.96420753  0.96426305  0.96442665  0.96469645  0.96506789
  0.96553392  0.96608531]

best fits:
opt: [65.503253536629288, [167.83226962341942, 83.364205918466126, 23.865261105668232], [332.75115529707995, 28.4478644252927, 13.510790025143583]] sse: 8.72728698932e-21 p0: [74.664334824926598, [316.07690280616265, 86.075020248491796, 33.31851813862994], [333.56831048807743, -62.820277004149801, 10.488225597707006]]


tparams: [65.503253568828242, [167.83226962281952, 83.36420592699281, 23.865261127401752], [332.75115529055569, 28.447864462333214, 13.51079002536019]]
final param sets:
params:  [65.503253536629288, [167.83226962341942, 83.364205918466126, 23.865261105668232], [332.75115529707995, 28.4478644252927, 13.510790025143583]]
pdists:  [7.1553232474899331e-10, 1.2455283473485259e-09, 4.13339631043805e-10]
