/Library/Frameworks/Python.framework/Versions/6.2/lib/python2.6/site-packages/scipy/optimize/minpack.py:316: RuntimeWarning: Number of calls to function has reached maxfev = 20.
  warnings.warn(errors[info][0], RuntimeWarning)
/Library/Frameworks/Python.framework/Versions/6.2/lib/python2.6/site-packages/scipy/optimize/minpack.py:316: RuntimeWarning: Number of calls to function has reached maxfev = 800.
  warnings.warn(errors[info][0], RuntimeWarning)
['lcmultifit.py', '2']
tparams: [66.389406690063794, [142.92700462925799, 45.168865933252448, 15.989534298503759], [325.47456509509186, 46.269312723529964, 19.538403629342238]]

first spot
lightcurve:
[ 0.96920907  0.97055384  0.97195142  0.97336625  0.97476383  0.97611213
  0.97738276  0.97855176  0.97960096  0.98051935  0.98130451  0.98196597
  0.98253148  0.98299271  0.98331061  0.9834666   0.98345453  0.98327685
  0.98294289  0.9824679   0.98187223  0.98117992  0.98041803  0.9796158
  0.97880361  0.97801171  0.97726901  0.97660189  0.9760332   0.97558148
  0.97526048  0.97507913  0.97504137  0.97514784  0.9753967   0.97578363
  0.97630046  0.9769343   0.97766777  0.97847928  0.97934362  0.98023285
  0.9811174   0.98196723  0.98275301  0.98344728  0.98402533  0.98446585
  0.98475171  0.98487119  0.98481868  0.98459566  0.98421287  0.98366689
  0.98296129  0.98211924  0.98113669  0.98001854  0.9787773   0.97743201
  0.97600682  0.97453017  0.97303395  0.9715523   0.97012035  0.9687732
  0.96754628  0.96646318  0.96553979  0.96479018  0.96422618  0.96385691
  0.96368845  0.96372359  0.96396174  0.96439897  0.96502811  0.96583907
  0.96681919  0.9679525 ]

best fits:
opt: [  24.6930038   330.03741482   65.30692024   16.69621221] sse: 0.00188463875577 p1: [  33.32613119  330.12291025   72.14451113   17.05132804]
opt: [   5.61051223  330.05822368   13.09822402   32.17052186] sse: 0.00188836760466 p1: [   5.99317004  330.32097604   22.08892866   26.23527518]
opt: [  76.90540699  330.05822306   84.38969624   32.17305946] sse: 0.00188836760592 p1: [  74.91895888  330.10489166   84.30800889   30.78248762]
opt: [  80.9170202   150.0817478    95.29031481   35.06119047] sse: 0.00189019435855 p1: [  36.3476256   192.10814288  101.31074711   17.14019134]
opt: [  90.1341135   330.1228976   -84.91886325   41.87981407] sse: 0.00189700529646 p1: [  87.64117777  336.74941042  -85.3328213    43.64351543]
opt: [ -4.70380280e+00   1.50168278e+02  -7.69546621e-03   4.20302980e+01] sse: 0.0019048000084 p1: [ -12.12175095  152.13139228   62.23602921   16.06019045]
opt: [ -4.70320535e+00   1.50167397e+02  -3.15308266e-02   4.20490891e+01] sse: 0.00190482457397 p1: [ -8.94556218  84.40457328  68.20093321  15.4211888 ]
opt: [ 24.41056321 -19.3176174   65.58519695  16.65261156] sse: 0.00194292311162 p1: [ 18.08833804 -26.8326578   60.47076278  16.60963747]
opt: [  5.46981688 -19.3058253   13.11392807  32.1679576 ] sse: 0.00194672363542 p1: [  5.43535013 -21.3179129    6.8457989   36.69023798]
opt: [ 90.10735486 -19.1414984  -85.0481081   41.91143753] sse: 0.00195551920531 p1: [ 104.55135206  -13.45840008  -82.11975311   29.56389492]
opt: [ -2.46153099e+00   2.78208806e-04   9.61514804e+01   1.47915288e+01] sse: 0.00329955219098 p1: [  -3.77294143   36.19088414  145.44722129   20.75306838]
opt: [ -2.06363968e-02   3.31032763e+02   9.00423084e+01   1.47161457e+01] sse: 0.00336101611449 p1: [ -17.97572593  329.69458759  105.9132568    15.05486427]

inc: 24.6930037959 spot # 2
residual lightcurve:
[ 0.9982247   0.99927032  1.00033488  1.00138564  1.00239116  1.0033226
  1.00415488  1.00486746  1.00544557  1.00588166  1.00617669  1.00634356
  1.00641325  1.00638057  1.0062095   1.00588433  1.00540161  1.00476639
  1.00399035  1.00309101  1.00209077  1.00101557  0.99989422  0.99875756
  0.99763741  0.9965653   0.99557129  0.99468279  0.99392351  0.99331273
  0.99286483  0.99258922  0.99249018  0.9925686   0.99282274  0.99324825
  0.99383684  0.99457533  0.99544595  0.99642657  0.99749134  0.99861153
  0.99975666  1.00089562  1.00199789  1.00303468  1.00397978  1.00481026
  1.00550717  1.00605685  1.00645156  1.0066905   1.00678197  1.00671993
  1.00650518  1.00615797  1.0056712   1.00504659  1.00429336  1.00342719
  1.00246882  1.00144324  1.00037892  0.99930663  0.99825821  0.99726562
  0.99636129  0.99556606  0.99489329  0.99435484  0.99396064  0.99371827
  0.99363265  0.9937058   0.99393679  0.99432175  0.994854    0.99552433
  0.99632137  0.9972308 ]

best fits:
opt: [ 144.16934689  -33.8474315    31.31727907] sse: 0.00148213631115 p1: [ 183.35771656   29.91098874    1.43964904]
opt: [ 144.17002315  -33.81898871   31.29322333] sse: 0.00148213635609 p1: [ 345.28891852   90.18305514    0.74142143]
opt: [ 144.16960146  -33.79383837   31.27193825] sse: 0.00148213646515 p1: [ 144.50453539  -28.62021888   27.09799836]
opt: [ 144.16727459  -33.77215624   31.25359251] sse: 0.00148213661349 p1: [ 174.25710066   46.67605531    1.1133078 ]
opt: [ 144.16878831  -33.93281796   31.38953403] sse: 0.00148213667793 p1: [ 143.92383972  -16.05134947   16.88793134]
opt: [ 144.17005231  -33.7449417    31.23051891] sse: 0.00148213686507 p1: [ 148.86733831   -2.7065582     8.90748183]
opt: [ 144.16839179  -33.70064698   31.19310669] sse: 0.00148213744028 p1: [ 144.694951    -31.17335511   29.0263614 ]
opt: [ 143.60219249  -25.07994941   23.98042121] sse: 0.00148676940254 p1: [ 21.73233671  83.92823483  -0.11359877]
opt: [ 324.20525606  -34.57100859   30.42351881] sse: 0.00161399959383 p1: [ 324.70136238  -37.39657286   32.70062572]
opt: [ 324.21189477  -34.50410596   30.36641795] sse: 0.00161399979015 p1: [ 324.11746134  -28.91780368   20.95389372]
opt: [ 324.20243215  -34.4707511    30.3379794 ] sse: 0.00161400001258 p1: [ 328.59382834  -19.02320074   16.07395949]
opt: [ 324.20607234  -34.38033805   30.26087525] sse: 0.00161400105494 p1: [ 322.4950813   -33.80271348   29.79044917]
opt: [-17.62760384 -32.84101806  27.78990624] sse: 0.00170415033076 p1: [  0.13480133 -39.60655066  20.31803112]
opt: [-17.4114196  -24.61368611  20.87022887] sse: 0.00170903264141 p1: [-14.85166876 -12.10539374   8.78596476]
opt: [ 10.2379988  -38.71489464   8.78328025] sse: 0.00188463875577 p1: [ 10.2379988  -38.71489464   8.78328025]
opt: [ 36.  -72.   11.5] sse: 0.00188463875577 p1: [ 36.  -72.   11.5]
opt: [ 108.45124212  -34.04506693    4.02018935] sse: 0.00188463875577 p1: [ 108.45124212  -34.04506693    4.02018935]
opt: [ 108.   -72.    17.5] sse: 0.00188463875577 p1: [ 108.   -72.    17.5]
opt: [ 36.  -72.   14.5] sse: 0.00188463875577 p1: [ 36.  -72.   14.5]
opt: [ 180.   -72.    11.5] sse: 0.00188463875577 p1: [ 180.   -72.    11.5]

inc: 5.61051223408 spot # 2
residual lightcurve:
[ 0.99826654  0.99931271  1.00037747  1.00142795  1.00243263  1.00336259
  1.0041927   1.00490238  1.0054769   1.00590872  1.00619888  1.00636036
  1.00642424  1.00638548  1.00620818  1.00587677  1.00538797  1.00474692
  1.00396544  1.00306115  1.00205651  1.00097752  0.99985301  0.9987138
  0.99759168  0.99651815  0.99552318  0.99463409  0.99387451  0.99326362
  0.99281571  0.99254013  0.99244108  0.99251943  0.9927734   0.99319866
  0.99378693  0.99452509  0.99539544  0.99637593  0.99744078  0.99856139
  0.99970735  1.00084764  1.0019518   1.00299108  1.00393933  1.00477358
  1.00547488  1.0060295   1.00642964  1.00667437  1.00677189  1.00671602
  1.00650742  1.0061662   1.00568512  1.00506579  1.00431733  1.00345532
  1.00250046  1.00147771  1.00041554  0.99934476  0.99829725  0.99730506
  0.99640072  0.99560518  0.9949319   0.99439286  0.99399811  0.9937553
  0.99366943  0.99374257  0.99397382  0.99435928  0.99489225  0.99556346
  0.99636146  0.99727183]

best fits:
opt: [ 144.18732521  -47.90453538   53.12681505] sse: 0.00179358450495 p1: [ 143.13167169  -19.97887323   25.64037591]
opt: [ 144.20386989  -32.39157977   38.32745028] sse: 0.00180388757061 p1: [ 149.58008063  -26.18062319   32.51033925]
opt: [ 143.2786705   -26.44131085   32.68456314] sse: 0.00180860415533 p1: [ 145.97077834  -18.77219394   25.36894749]
opt: [ 143.1855404   -21.93973851   28.43875269] sse: 0.00181259860659 p1: [ 144.98131846  -12.89461812   14.51613542]
opt: [ 144.3004606   -21.91594188   28.41706744] sse: 0.00181260922068 p1: [ 134.94401432    6.70755528    1.32406296]
opt: [ 144.78084312  -21.15657291   27.70272136] sse: 0.00181336245923 p1: [ 141.28944819    0.24526664    7.4047465 ]
opt: [ 143.44029044  -20.98948021   27.54624544] sse: 0.00181348849983 p1: [ 146.8016769    -2.9956575     8.25149095]
opt: [ 142.97214924  -19.77295357   26.4045552 ] sse: 0.00181471037772 p1: [ 136.5474518    -2.51549038   10.8556741 ]
opt: [ 143.25776331  -15.04025921   21.99091897] sse: 0.00181981059133 p1: [ 129.63708265   31.16398496    1.08385122]
opt: [ 324.24159528  -41.7049203    45.72645188] sse: 0.00183652580146 p1: [ 326.75740614  -38.67513682   42.47766412]
opt: [ 325.30197558  -16.54127704   21.37360506] sse: 0.00185035107323 p1: [ 325.63798126   -3.25999306    8.63986738]
opt: [ 359.97042908   81.57122279    0.49361405] sse: 0.00188830382428 p1: [ 356.03752349   81.4211505     0.49361213]
opt: [ 108.   -36.    11.5] sse: 0.00188836760466 p1: [ 108.   -36.    11.5]
opt: [ 136.69188062  -12.0941954     6.33596608] sse: 0.00188836760466 p1: [ 136.69188062  -12.0941954     6.33596608]
opt: [ 191.45787735  -25.54802443    3.6011806 ] sse: 0.00188836760466 p1: [ 191.45787735  -25.54802443    3.6011806 ]
opt: [ 180.   -36.    17.5] sse: 0.00188836760466 p1: [ 180.   -36.    17.5]
opt: [ 252.   -72.    20.5] sse: 0.00188836760466 p1: [ 252.   -72.    20.5]
opt: [ 303.86949658  -86.27578371   69.8048574 ] sse: 0.00188836760466 p1: [ 303.86949658  -86.27578371   69.8048574 ]
opt: [ 180.   -72.    11.5] sse: 0.00188836760466 p1: [ 180.   -72.    11.5]
opt: [ 108.   -36.    17.5] sse: 0.00188836760466 p1: [ 108.   -36.    17.5]
opt: [ 36.  -72.   20.5] sse: 0.00188836760466 p1: [ 36.  -72.   20.5]
opt: [ 36.  -72.   14.5] sse: 0.00188836760466 p1: [ 36.  -72.   14.5]
opt: [ 180.   -36.    23.5] sse: 0.00188836760466 p1: [ 180.   -36.    23.5]
opt: [ 108.   -72.    11.5] sse: 0.00188836760466 p1: [ 108.   -72.    11.5]
opt: [ 36.  -72.   11.5] sse: 0.00188836760466 p1: [ 36.  -72.   11.5]
opt: [ 180.   -36.    11.5] sse: 0.00188836760466 p1: [ 180.   -36.    11.5]
opt: [ 36.  -36.   11.5] sse: 0.00188836760466 p1: [ 36.  -36.   11.5]
opt: [ 36.  -36.   20.5] sse: 0.00188836760466 p1: [ 36.  -36.   20.5]
opt: [ 131.13828471  -56.37572212   39.51825381] sse: 0.00188836760466 p1: [ 131.13828471  -56.37572212   39.51825381]
opt: [ 252.   -72.    11.5] sse: 0.00188836760466 p1: [ 252.   -72.    11.5]

inc: 76.9054069945 spot # 2
residual lightcurve:
[ 0.99826654  0.99931271  1.00037747  1.00142795  1.00243263  1.00336259
  1.0041927   1.00490238  1.00547691  1.00590873  1.00619888  1.00636036
  1.00642424  1.00638548  1.00620818  1.00587677  1.00538797  1.00474692
  1.00396545  1.00306115  1.00205651  1.00097753  0.99985301  0.99871381
  0.99759169  0.99651815  0.99552318  0.9946341   0.99387451  0.99326363
  0.99281572  0.99254013  0.99244109  0.99251943  0.99277341  0.99319867
  0.99378694  0.9945251   0.99539544  0.99637593  0.99744079  0.9985614
  0.99970736  1.00084764  1.00195181  1.00299109  1.00393933  1.00477359
  1.00547488  1.00602951  1.00642964  1.00667437  1.00677189  1.00671602
  1.00650742  1.0061662   1.00568513  1.0050658   1.00431733  1.00345532
  1.00250046  1.00147771  1.00041554  0.99934476  0.99829725  0.99730506
  0.99640072  0.99560518  0.9949319   0.99439286  0.99399811  0.99375531
  0.99366943  0.99374257  0.99397382  0.99435928  0.99489225  0.99556346
  0.99636146  0.99727183]

best fits:
opt: [ 144.17589448  -59.28871215   12.95305921] sse: 0.0014919438307 p1: [ 144.81842546  -62.30136644   13.30931175]
opt: [ 324.21566931  -61.10968049   12.03887357] sse: 0.00164443816783 p1: [ 324.07262496  -61.20329355   12.06786224]
opt: [-16.58903555 -62.54866404  11.27391123] sse: 0.00173875518633 p1: [ -6.03852303 -56.23958115   5.26699609]
opt: [-16.58883256 -62.59065147  11.2924335 ] sse: 0.00173875709847 p1: [ -5.37700599 -76.52405828  12.0172303 ]

inc: 80.9170201952 spot # 2
residual lightcurve:
[ 0.99815153  0.99920546  1.00027879  1.00133857  1.00235318  1.0032936
  1.00413461  1.00485552  1.0054415   1.0058849   1.00618667  1.00635969
  1.00643496  1.00640736  1.00624092  1.00591999  1.00544124  1.00480976
  1.00403735  1.00314156  1.00214485  1.00107321  0.99995543  0.99882235
  0.99770575  0.99663713  0.99564647  0.99476109  0.99400463  0.99339628
  0.99295035  0.99267617  0.99257798  0.99265662  0.99291034  0.99333478
  0.9939217   0.99465794  0.99552581  0.99650325  0.99756449  0.99868089
  0.99982205  1.00095695  1.00205513  1.00308783  1.0040289   1.0048554
  1.00554837  1.00609413  1.00648487  1.00671974  1.00680696  1.00674041
  1.00652079  1.00616831  1.0056758   1.00504494  1.00428495  1.0034115
  1.00244539  1.0014117   1.00033897  0.99925813  0.99820116  0.99720021
  0.99628788  0.99548521  0.99480575  0.99426153  0.99386264  0.9936168
  0.99352903  0.99360142  0.99383307  0.99422009  0.99475576  0.99543079
  0.99623367  0.99714995]

best fits:
opt: [ 144.10087554  -62.01987512   11.77631372] sse: 0.001559114957 p1: [ 128.38544893   16.22250966    3.20744355]
opt: [ 324.31985488  -63.63636832   11.11944459] sse: 0.00166470809733 p1: [ 326.33203117  -71.2325553    12.74334584]
opt: [ 323.95761144  -99.77129713   16.74772263] sse: 0.00175200993959 p1: [ 323.91174379  -99.87305224   17.33683715]
opt: [-15.25479539 -65.43678065  10.31599463] sse: 0.00176002290349 p1: [-15.50461819 -69.949266     8.56645808]
opt: [ 144.60801267  -96.11316436   14.87611468] sse: 0.0018497123621 p1: [ 142.55621071  -95.48960652   15.35043609]

inc: 90.1341135024 spot # 2
residual lightcurve:
[ 0.99822921  0.99928005  1.00034977  1.00140545  1.00241546  1.00335079
  1.00418624  1.00490113  1.00548065  1.00591719  1.00621172  1.00637717
  1.00644458  1.00640887  1.00623412  1.00590474  1.00541746  1.00477743
  1.0039965   1.00309231  1.00208738  1.00100775  0.9998823   0.99874192
  0.99761846  0.99654346  0.99554697  0.99465636  0.99389531  0.99328304
  0.9928339   0.99255724  0.99245732  0.992535    0.99278853  0.99321355
  0.99380181  0.99454015  0.99541085  0.99639183  0.99745728  0.99857854
  0.99972516  1.00086606  1.00197074  1.00301039  1.00395879  1.00479294
  1.00549383  1.00604769  1.00644668  1.00668986  1.00678538  1.0067271
  1.00651565  1.00617118  1.00568648  1.00506318  1.00431046  1.00344397
  1.00248446  1.00145698  1.00039008  0.99931464  0.99826263  0.99726619
  0.99635793  0.99555887  0.99488254  0.994341    0.99394433  0.99370024
  0.99361374  0.99368694  0.99391892  0.9943058   0.99484085  0.99551477
  0.99631605  0.99723023]

best fits:
opt: [ 144.04751139    0.59614122    5.8917001 ] sse: 0.00162654057391 p1: [ 147.54946173  -28.26496469    3.31115315]
opt: [ 144.04946981    0.73149858    5.89189793] sse: 0.00162654080524 p1: [ 118.05799972   79.44975188   11.03456011]
opt: [  1.44051271e+02   3.31404172e-04   5.89137964e+00] sse: 0.00162654554993 p1: [ 144.29995565  -62.64566655    8.59576917]
opt: [ 324.39913139    0.62178549    5.05843397] sse: 0.00174978912884 p1: [ 324.91448112  -72.50345966    2.2014981 ]
opt: [ 324.39779803    0.41320676    5.05858569] sse: 0.00174978953589 p1: [ 315.03598212   79.20964487    8.78743902]
opt: [  3.24405467e+02   7.36571378e-03   5.05834792e+00] sse: 0.00174979277557 p1: [ 327.37955089  -48.46951333    5.9631175 ]
opt: [ 323.76544582   96.49980109    9.57377917] sse: 0.0018445790155 p1: [ 323.72760159   97.79635196   10.64285244]
opt: [ 323.74005464  -96.15640739    9.32602406] sse: 0.00185030729792 p1: [ 325.59326812  -98.41343105   10.03474562]
opt: [ -5.03273813e-02   9.07974953e+01   7.23085865e+00] sse: 0.00189648918421 p1: [ 22.25997891  88.67147157   7.86771005]
opt: [ -1.34277244e-02   9.06726625e+01   7.02020896e+00] sse: 0.00189657759583 p1: [  4.87155861  90.87191717   8.57657198]
opt: [ -8.65460123e-02  -9.10703403e+01   7.99846909e+00] sse: 0.00189686606755 p1: [ 10.10608519 -91.75042422   8.34340905]

inc: -4.70380279976 spot # 2
residual lightcurve:
[ 0.99785345  0.998928    1.000024    1.00110826  1.00214887  1.00311657
  1.00398584  1.00473572  1.00535111  1.00582409  1.00615537  1.00635758
  1.00646151  1.00646184  1.0063224   1.00602742  1.00557341  1.00496537
  1.00421498  1.00333976  1.00236212  1.001308    1.0002062   0.99908756
  0.99798387  0.99692665  0.99594593  0.99506904  0.99431966  0.99371703
  0.99327546  0.99300433  0.99290789  0.99298701  0.99323994  0.99366232
  0.9942459   0.99497752  0.99583945  0.99680963  0.99786224  0.99896863
  1.00009837  1.0012204   1.00230425  1.00332114  1.00424491  1.00505263
  1.00572538  1.00624948  1.00661722  1.00682779  1.00688952  1.00679643
  1.00654935  1.00616866  1.00564737  1.00498739  1.00419813  1.00329555
  1.00230067  1.00123884  1.0001389   0.99903201  0.99795046  0.99692663
  0.9959934   0.99517204  0.99447631  0.99391844  0.99350868  0.99325489
  0.99316218  0.99323271  0.9934656   0.99385696  0.99440001  0.99508536
  0.99590142  0.99683353]

best fits:
opt: [ 323.80627693  -61.43079204   65.29399848] sse: 0.00184558889371 p1: [ 322.9206363   -59.2921539    62.84631502]
opt: [ 323.94123086  -31.1482513    36.08666376] sse: 0.00185876446769 p1: [ 324.61918427  -26.74699173   31.86284408]
opt: [ 144.28461164  -30.79443058   35.6449947 ] sse: 0.0018605564236 p1: [ 153.88198056  -24.97627419   30.10775587]
opt: [ 145.47759241  -18.16419921   23.51639749] sse: 0.0018677861248 p1: [ 152.09474637   -9.41692803   15.53377673]
opt: [ 324.36725229  -15.74002837   21.33441603] sse: 0.00186807044187 p1: [ 326.20164238   -1.94806816    9.81706737]
opt: [ 322.61342879  -14.22973994   19.90393936] sse: 0.00186922294756 p1: [ 302.40526628   -0.44469745    3.45064147]
opt: [ 322.63432626  -13.78031888   19.47880172] sse: 0.00186957571674 p1: [ 342.03150272    4.46644688    2.15138422]
opt: [ 324.36729714  -13.29657813   19.02221734] sse: 0.00186995828945 p1: [ 225.60780098    8.35741802    1.58214998]
opt: [ 145.63993358  -14.71358315   20.23054122] sse: 0.00187022416285 p1: [ 144.59818816   -1.15143819    3.06690296]
opt: [-1.22107466 -2.24610874  7.25788084] sse: 0.00189906791619 p1: [-1.10315631 -0.03635525  7.82285879]
opt: [  3.07640517e+02   3.44531696e+01   1.38087649e-01] sse: 0.00190479808295 p1: [  2.52793527e+02   3.50711998e+01   1.38066530e-01]
opt: [ 180.   -72.    20.5] sse: 0.0019048000084 p1: [ 180.   -72.    20.5]
opt: [  7.15029384 -61.4215741   52.25055443] sse: 0.0019048000084 p1: [  7.15029384 -61.4215741   52.25055443]
opt: [ 316.86428366  -68.77244702    2.31259581] sse: 0.0019048000084 p1: [ 316.86428366  -68.77244702    2.31259581]
opt: [ 36.  -72.   11.5] sse: 0.0019048000084 p1: [ 36.  -72.   11.5]
opt: [ 324.   -36.    11.5] sse: 0.0019048000084 p1: [ 324.   -36.    11.5]
opt: [ 180.   -72.    11.5] sse: 0.0019048000084 p1: [ 180.   -72.    11.5]
opt: [ 108.   -72.    14.5] sse: 0.0019048000084 p1: [ 108.   -72.    14.5]
opt: [ 331.38762941   -9.59283485    1.78215872] sse: 0.0019048000084 p1: [ 331.38762941   -9.59283485    1.78215872]
opt: [ 190.31372069  -15.89309705    3.43310952] sse: 0.0019048000084 p1: [ 190.31372069  -15.89309705    3.43310952]
opt: [ 252.   -36.    11.5] sse: 0.0019048000084 p1: [ 252.   -36.    11.5]
opt: [ 36.  -72.   20.5] sse: 0.0019048000084 p1: [ 36.  -72.   20.5]
opt: [ 180.   -36.    11.5] sse: 0.0019048000084 p1: [ 180.   -36.    11.5]
opt: [ 324.   -72.    17.5] sse: 0.0019048000084 p1: [ 324.   -72.    17.5]
opt: [ 252.   -36.    17.5] sse: 0.0019048000084 p1: [ 252.   -36.    17.5]
opt: [ 108.   -36.    17.5] sse: 0.0019048000084 p1: [ 108.   -36.    17.5]
opt: [ 108.   -36.    11.5] sse: 0.0019048000084 p1: [ 108.   -36.    11.5]
opt: [ 36.  -36.   11.5] sse: 0.0019048000084 p1: [ 36.  -36.   11.5]
opt: [ 36.  -72.   14.5] sse: 0.0019048000084 p1: [ 36.  -72.   14.5]
opt: [ 0.14083351  9.60242436  0.88817377] sse: 0.00190482019339 p1: [ 32.28001054  10.3386934    0.93322612]

inc: -4.70320535161 spot # 2
residual lightcurve:
[ 0.99785336  0.99892792  1.00002392  1.00110818  1.00214879  1.00311649
  1.00398577  1.00473565  1.00535104  1.00582403  1.00615531  1.00635753
  1.00646146  1.00646179  1.00632236  1.00602737  1.00557336  1.00496532
  1.00421493  1.00333971  1.00236206  1.00130794  1.00020615  0.99908751
  0.99798381  0.9969266   0.99594587  0.99506898  0.9943196   0.99371697
  0.9932754   0.99300428  0.99290785  0.99298697  0.9932399   0.9936623
  0.99424588  0.99497751  0.99583945  0.99680963  0.99786226  0.99896867
  1.00009841  1.00122045  1.00230431  1.00332121  1.004245    1.00505273
  1.00572548  1.0062496   1.00661734  1.00682792  1.00688965  1.00679656
  1.00654949  1.00616879  1.0056475   1.00498751  1.00419825  1.00329566
  1.00230077  1.00123893  1.00013897  0.99903208  0.99795051  0.99692667
  0.99599343  0.99517205  0.99447631  0.99391842  0.99350866  0.99325486
  0.99316213  0.99323265  0.99346554  0.99385689  0.99439993  0.99508529
  0.99590133  0.99683345]

best fits:
opt: [ 323.48661043  -61.12107856   64.9977827 ] sse: 0.00184573277664 p1: [ 322.9033663   -59.26933476   62.82658166]
opt: [ 324.09327753  -31.18278146   36.11981939] sse: 0.00185878572727 p1: [ 324.60811893  -26.78195285   31.89545548]
opt: [ 145.1519998   -29.98977573   34.86900042] sse: 0.00186099255837 p1: [ 153.86649698  -24.97430099   30.1059999 ]
opt: [ 145.49084909  -18.16120196   23.51339264] sse: 0.00186782186505 p1: [ 152.09423388   -9.41325634   15.53145404]
opt: [ 324.47434421  -15.22950596   20.848762  ] sse: 0.0018684890388 p1: [ 326.24224429   -1.9491001     9.81644275]
opt: [ 324.43571271  -14.26455802   19.93568156] sse: 0.00186922530641 p1: [ 284.28915664    0.48798959    2.00246511]
opt: [ 324.57224447  -14.06790925   19.75173849] sse: 0.00186938482773 p1: [ 342.21694046    4.44541253    2.15242899]
opt: [ 143.99255027  -15.14632794   20.64305872] sse: 0.00186994249258 p1: [ 103.88800896   -5.35235573    2.29607429]
opt: [ 143.98911287  -14.48027884   20.01055697] sse: 0.0018704395774 p1: [ 144.9643941    -1.18376483    3.06860887]
opt: [-1.21012977 -2.18087145  7.25062485] sse: 0.00189912931977 p1: [-1.10173867 -0.03735039  7.82466525]
opt: [ 242.76862779    5.26388813    0.68579985] sse: 0.00190479094924 p1: [ 206.77471091   36.10882649    0.84447375]
opt: [ 167.17993069   24.83784109    0.37425688] sse: 0.00190481929113 p1: [ 219.86332803   39.90329395    0.43051288]
opt: [ 178.50189941   19.59691489    0.24349544] sse: 0.00190482220932 p1: [ 192.60398766   19.99513988    0.24359862]
opt: [  3.12398445e+02   3.43271774e+01   1.35109727e-01] sse: 0.00190482272833 p1: [  2.52534749e+02   3.49710238e+01   1.33764387e-01]
opt: [ 252.   -36.    17.5] sse: 0.00190482457397 p1: [ 252.   -36.    17.5]
opt: [ 252.   -36.    11.5] sse: 0.00190482457397 p1: [ 252.   -36.    11.5]
opt: [ 252.   -72.    11.5] sse: 0.00190482457397 p1: [ 252.   -72.    11.5]
opt: [  7.15680423 -61.41792208  52.24883663] sse: 0.00190482457397 p1: [  7.15680423 -61.41792208  52.24883663]
opt: [ 108.   -36.    11.5] sse: 0.00190482457397 p1: [ 108.   -36.    11.5]
opt: [ 36.  -36.   11.5] sse: 0.00190482457397 p1: [ 36.  -36.   11.5]
opt: [ 190.4082701   -15.87981387    3.43135131] sse: 0.00190482457397 p1: [ 190.4082701   -15.87981387    3.43135131]
opt: [ 158.47251651  -22.59576103    2.71064559] sse: 0.00190482457397 p1: [ 158.47251651  -22.59576103    2.71064559]
opt: [ 252.   -72.    17.5] sse: 0.00190482457397 p1: [ 252.   -72.    17.5]
opt: [ 310.0452636   -68.82996418    2.31144287] sse: 0.00190482457397 p1: [ 310.0452636   -68.82996418    2.31144287]
opt: [ 324.   -72.    11.5] sse: 0.00190482457397 p1: [ 324.   -72.    11.5]
opt: [ 180.   -72.    20.5] sse: 0.00190482457397 p1: [ 180.   -72.    20.5]
opt: [ 36.  -72.   20.5] sse: 0.00190482457397 p1: [ 36.  -72.   20.5]
opt: [ 36.  -72.   17.5] sse: 0.00190482457397 p1: [ 36.  -72.   17.5]
opt: [ 180.   -72.    11.5] sse: 0.00190482457397 p1: [ 180.   -72.    11.5]
opt: [ 36.  -72.   11.5] sse: 0.00190482457397 p1: [ 36.  -72.   11.5]

inc: 24.4105632133 spot # 2
residual lightcurve:
[ 0.99864305  0.99978401  1.00093922  1.00207523  1.00315998  1.00416411
  1.0050621   1.00583306  1.00646199  1.00694115  1.00727146  1.00746581
  1.00755524  1.00753474  1.00736845  1.0070409   1.00654894  1.00589789
  1.00509979  1.00417247  1.00313868  1.00202472  1.00085973  0.99967491
  0.99850239  0.99737405  0.99632029  0.99536879  0.99454361  0.99386432
  0.99334558  0.99299713  0.99282352  0.99282595  0.99300296  0.9933505
  0.99386057  0.99452029  0.99531218  0.99621444  0.99720149  0.99824495
  0.99931463  1.00037977  1.00141018  1.0023774   1.00325561  1.00402223
  1.0046587   1.00515176  1.00549407  1.00568525  1.00573402  1.00563477
  1.00538872  1.00501654  1.00451152  1.00387575  1.0031188   1.00225665
  1.00131027  1.00030486  0.99926897  0.99823342  0.99723     0.9962905
  0.99544712  0.99472036  0.99412312  0.99366672  0.99336048  0.99321124
  0.99322313  0.99339731  0.99373196  0.99422224  0.9948605   0.99563658
  0.99653813  0.99754989]

best fits:
opt: [ 147.55408429  -34.16811241   31.29838311] sse: 0.00158817473098 p1: [ 234.9372068    22.70244627    2.7521696 ]
opt: [ 147.55770968  -34.19045292   31.31735541] sse: 0.00158817474472 p1: [ 145.19292792  -31.93354255   29.86143577]
opt: [ 147.55459005  -34.23414868   31.35452059] sse: 0.00158817491847 p1: [ 274.77149443   29.42051989    2.04324928]
opt: [ 147.5592616   -34.09237712   31.23396871] sse: 0.00158817502028 p1: [ 212.85963589   28.73871171    2.41905702]
opt: [ 147.55524015  -34.25860013   31.375306  ] sse: 0.00158817509164 p1: [ 147.10680862  -19.4821492    19.27305071]
opt: [ 147.556939    -34.07167663   31.21639242] sse: 0.00158817519332 p1: [ 206.97714664   23.50751992    2.72748281]
opt: [ 147.55663857  -34.04833071   31.19654525] sse: 0.00158817543892 p1: [ 161.87996333    6.76085718    4.31294439]
opt: [ 147.55703512  -34.30086063   31.41121942] sse: 0.00158817552423 p1: [ 154.79766165  -50.19777776   43.01747779]
opt: [ 147.55816173  -34.32651991   31.43305674] sse: 0.00158817587042 p1: [ 255.26189976   25.18274681    2.58770597]
opt: [ 320.10816641  -34.33899721   31.12249235] sse: 0.00161977819564 p1: [ 320.06874251  -17.47498717   16.98022117]
opt: [ 320.10388956  -34.30438792   31.09299275] sse: 0.00161977825711 p1: [ 321.00680743  -38.18314117   34.45671551]
opt: [ 320.10185339  -34.39412785   31.16942907] sse: 0.00161977832856 p1: [ 312.3361305     7.02024476    3.53854962]
opt: [ 320.10799583  -34.24293123   31.04070348] sse: 0.00161977860895 p1: [ 324.21081563   -8.48195535   10.27664145]
opt: [ 320.10730647  -34.21078687   31.01332325] sse: 0.00161977892529 p1: [ 319.11149665  -29.06350914   26.78770698]
opt: [-20.41589789 -24.65958232  21.60727134] sse: 0.00173798624051 p1: [-12.65468999 -10.82840321   8.99801917]
opt: [ 108.   -36.    11.5] sse: 0.00194292311162 p1: [ 108.   -36.    11.5]
opt: [ 36.  -72.   11.5] sse: 0.00194292311162 p1: [ 36.  -72.   11.5]
opt: [ 36.  -72.   20.5] sse: 0.00194292311162 p1: [ 36.  -72.   20.5]

inc: 5.4698168757 spot # 2
residual lightcurve:
[ 0.99867087  0.99981313  1.00096964  1.00210684  1.00319255  1.00419729
  1.00509545  1.00586603  1.00649399  1.00697154  1.00729957  1.00749099
  1.00757689  1.00755231  1.00738149  1.00704906  1.006552    1.00589575
  1.00509248  1.00416014  1.0031216   1.00200326  1.00083433  0.99964607
  0.99847065  0.99733995  0.99628435  0.9953315   0.9945054   0.99382554
  0.99330652  0.99295799  0.99278442  0.99278693  0.99296401  0.99331157
  0.99382157  0.99448113  0.99527281  0.99617481  0.99716163  0.99820495
  0.99927466  1.00034008  1.0013711   1.00233934  1.00321904  1.00398766
  1.00462668  1.00512284  1.00546878  1.00566406  1.00571735  1.00562296
  1.00538196  1.00501494  1.00451504  1.00388424  1.00313198  1.00227412
  1.00133155  1.00032937  0.9992961   0.99826253  0.99726045  0.99632169
  0.99547849  0.99475144  0.99415353  0.99369622  0.99338889  0.99323854
  0.99324939  0.99342272  0.99375675  0.99424673  0.99488504  0.9956615
  0.99656377  0.99757652]

best fits:
opt: [ 150.98539253  -41.39613454   46.47346719] sse: 0.00187263219147 p1: [ 152.93009858  -37.48807265   42.28102987]
opt: [ 317.59768959  -55.65129863   59.79352261] sse: 0.00187620617748 p1: [ 318.63981191  -53.46275062   57.03848516]
opt: [ 150.71689908  -29.38181019   34.9611797 ] sse: 0.00188008386622 p1: [ 152.76825048   -3.78595769   11.1070944 ]
opt: [ 151.61098118  -26.64095302   32.34305992] sse: 0.00188202250464 p1: [ 155.73875046  -17.14284471   23.74365789]
opt: [ 316.79015771  -33.70505542   38.67692249] sse: 0.00188677774149 p1: [ 312.20329958  -27.89399351   33.01579591]
opt: [ 151.9601235   -18.96308271   25.07307035] sse: 0.00188814735333 p1: [ 287.32285493    5.8035949     3.85675982]
opt: [ 152.33656259  -17.31731001   23.52407457] sse: 0.0018896587867 p1: [ 158.69775266    3.67718401    4.68357052]
opt: [ 315.73361628  -17.57954525   23.21143536] sse: 0.0018978692847 p1: [ 322.6837757    -4.01627652   10.64840662]
opt: [ 315.63606054  -16.7625327    22.43652978] sse: 0.00189857595752 p1: [ 318.76017687    0.66355558    6.63233067]
opt: [ 224.32532289    7.46779144    4.64473927] sse: 0.00193759583245 p1: [ 224.23538967   19.47002316    2.22266368]
opt: [ 36.  -36.   11.5] sse: 0.00194672363542 p1: [ 36.  -36.   11.5]
opt: [ 94.66602624 -16.83118468   7.62758885] sse: 0.00194672363542 p1: [ 94.66602624 -16.83118468   7.62758885]
opt: [ 180.   -36.    11.5] sse: 0.00194672363542 p1: [ 180.   -36.    11.5]
opt: [ 219.78821591  -21.2277095    12.39157215] sse: 0.00194672363542 p1: [ 219.78821591  -21.2277095    12.39157215]
opt: [ 180.   -72.    11.5] sse: 0.00194672363542 p1: [ 180.   -72.    11.5]
opt: [ 108.   -36.    11.5] sse: 0.00194672363542 p1: [ 108.   -36.    11.5]
opt: [ 252.   -72.    11.5] sse: 0.00194672363542 p1: [ 252.   -72.    11.5]
opt: [ 36.  -36.   17.5] sse: 0.00194672363542 p1: [ 36.  -36.   17.5]
opt: [ 180.   -36.    14.5] sse: 0.00194672363542 p1: [ 180.   -36.    14.5]
opt: [ 161.95268229  -32.8325433    22.38010393] sse: 0.00194672363542 p1: [ 161.95268229  -32.8325433    22.38010393]
opt: [ 108.   -36.    20.5] sse: 0.00194672363542 p1: [ 108.   -36.    20.5]
opt: [ 36.  -72.   11.5] sse: 0.00194672363542 p1: [ 36.  -72.   11.5]
opt: [ 108.   -72.    11.5] sse: 0.00194672363542 p1: [ 108.   -72.    11.5]
opt: [ 252.   -72.    23.5] sse: 0.00194672363542 p1: [ 252.   -72.    23.5]
opt: [ 108.   -72.    20.5] sse: 0.00194672363542 p1: [ 108.   -72.    20.5]
opt: [ 36.  -72.   17.5] sse: 0.00194672363542 p1: [ 36.  -72.   17.5]
opt: [ 217.44477949  -40.87764394   12.12204653] sse: 0.00194672363542 p1: [ 217.44477949  -40.87764394   12.12204653]

inc: 90.1073548628 spot # 2
residual lightcurve:
[ 0.99862921  0.99977585  1.00093718  1.00207955  1.00317072  1.00418111
  1.00508502  1.00586137  1.00649501  1.0069781   1.00731142  1.00750782
  1.00759833  1.00757791  1.00741078  1.00708152  1.00658708  1.0059329
  1.00513114  1.00419977  1.00316168  1.0020433   1.00087388  0.99968473
  0.99850807  0.99737585  0.9963185   0.99536373  0.9945356   0.99385367
  0.99333258  0.99298203  0.99280654  0.99280726  0.99298272  0.99332884
  0.9938376   0.99449613  0.99528697  0.99618833  0.99717469  0.99821769
  0.9992872   1.0003525   1.00138344  1.0023516   1.00323116  1.00399954
  1.00463816  1.00513373  1.00547883  1.00567301  1.00572487  1.00562871
  1.00538561  1.00501612  1.00451341  1.00387947  1.00312376  1.00226219
  1.00131569  1.00030941  0.99927196  0.99823416  0.99722789  0.99628507
  0.99543801  0.99470737  0.99410623  0.9936461   0.99333645  0.99318431
  0.99319397  0.99336674  0.99370086  0.9941916   0.99483134  0.9956099
  0.99651489  0.99753097]

best fits:
opt: [ 148.75643909    0.48156303    5.62307442] sse: 0.00173097372785 p1: [ 149.85090631  -25.75165668    5.80255711]
opt: [ 319.01594563    0.48498829    5.45504631] sse: 0.00175658908155 p1: [ 322.80769517  -52.87288938    6.99683377]
opt: [  3.19015747e+02   2.97558427e-01   5.45494221e+00] sse: 0.00175658950896 p1: [ 319.17073954  -76.42897172    9.43896697]
opt: [  3.19006990e+02   2.09274230e-02   5.45480069e+00] sse: 0.00175659161635 p1: [ 315.4562456   -45.71347359    6.66202076]
opt: [  3.18712904e+02  -8.95197539e-03   5.44146147e+00] sse: 0.00175661940506 p1: [ 318.20768278    1.15292878    5.43801514]
opt: [ -2.36751774e-03   9.17118972e+01   8.35386209e+00] sse: 0.00195185249166 p1: [  6.72434431  92.80164909  10.23777912]
opt: [ -3.66456814e-03   9.15543447e+01   7.86845615e+00] sse: 0.00195214736283 p1: [ 15.54164947  91.26404526   8.43331862]
opt: [ -8.22157959e-03  -9.14757048e+01   7.32631043e+00] sse: 0.00195236630588 p1: [ 14.64615228 -91.47518428   8.21943364]
opt: [  0.13103914  91.41067343   7.50604396] sse: 0.00195252609781 p1: [ 69.92687316  91.03173423   8.54446584]
opt: [ 360.01232607  -91.36412637    7.24120004] sse: 0.00195269624133 p1: [ 331.75850412  -92.99405514    9.05682954]
opt: [  6.95439547  91.14945832   7.13766241] sse: 0.00195322991008 p1: [  6.25090832  94.17477385  10.53444071]
opt: [ 11.12195815 -91.05761751   6.90849231] sse: 0.00195347529246 p1: [  6.71252739 -93.65050848   9.71873029]

inc: -2.46153099427 spot # 2
residual lightcurve:
[ 0.99286428  0.99420857  0.99560474  0.99701721  0.99841151  0.99975564
  1.00102121  1.00218431  1.00322681  1.00413773  1.00491469  1.00556731
  1.00612334  1.00657455  1.00688194  1.00702698  1.00700362  1.00681436
  1.00646859  1.00598166  1.00537397  1.00466965  1.00389582  1.00308181
  1.00225805  1.00145489  1.00070129  1.00002371  0.99944505  0.99898391
  0.9986541   0.99846462  0.99841944  0.99851926  0.99876227  0.99914418
  0.99965687  1.00028746  1.0010186   1.0018287   1.00269256  1.00358226
  1.00446823  1.00532039  1.00610942  1.00680783  1.0073909   1.00783727
  1.00812978  1.00825669  1.00821231  1.00799809  1.00762471  1.00708871
  1.00639358  1.00556242  1.00459114  1.00348455  1.00225509  1.00092173
  0.99950856  0.99804393  0.99655965  0.9950898   0.99366943  0.99233359
  0.9911176   0.99004502  0.98913165  0.98839151  0.98783637  0.98747529
  0.98731429  0.98735613  0.98760019  0.98804247  0.98867579  0.98949003
  0.99047251  0.99160724]

best fits:
opt: [ 148.28505237  -30.13713418   40.34695828] sse: 0.00313081699786 p1: [ 170.92555656  -30.11257763   34.28559188]
opt: [ 148.41938231  -28.89192146   39.1700882 ] sse: 0.00313248732988 p1: [ 148.81021145   -1.35274916   14.11282184]
opt: [ 149.15891101  -19.27880435   30.12962927] sse: 0.00314654049725 p1: [ 147.61943281   -4.34658423   17.46447007]
opt: [ 147.70522613   -9.09290029   20.72021767] sse: 0.00316561054313 p1: [ 119.65410492   -2.93084555   11.55078247]
opt: [ 149.94897795   -8.22889462   19.93531757] sse: 0.00316758039179 p1: [ 152.02356325    0.17102914   11.99582703]
opt: [ 149.90075839   -7.48097774   19.25873822] sse: 0.00316934380924 p1: [ 156.40853843   -0.31142229    8.65858128]
opt: [ 149.99374994   -5.69525246   17.65297116] sse: 0.003173845764 p1: [ 149.60680716   14.56738117    3.08511574]
opt: [ 147.22622988   -3.34135831   15.56286829] sse: 0.0031805362708 p1: [ 204.75882779   19.44706659    2.53351483]
opt: [ 152.67885413   37.92345101    0.93075476] sse: 0.00329835301669 p1: [ 114.38430511   61.09557019    0.86617116]
opt: [ 152.30063861   45.47161978    0.47441854] sse: 0.0032992231807 p1: [ 154.8490893    73.57423715    0.44260022]
opt: [ 77.51599241 -48.08484786   3.50095914] sse: 0.00329955219098 p1: [ 77.51599241 -48.08484786   3.50095914]
opt: [ 108.   -72.    11.5] sse: 0.00329955219098 p1: [ 108.   -72.    11.5]
opt: [ 36.  -72.   20.5] sse: 0.00329955219098 p1: [ 36.  -72.   20.5]
opt: [ 180.   -36.    11.5] sse: 0.00329955219098 p1: [ 180.   -36.    11.5]
opt: [ 108.   -72.    20.5] sse: 0.00329955219098 p1: [ 108.   -72.    20.5]
opt: [ 108.   -36.    11.5] sse: 0.00329955219098 p1: [ 108.   -36.    11.5]
opt: [ 108.   -36.    23.5] sse: 0.00329955219098 p1: [ 108.   -36.    23.5]
opt: [ 36.  -72.   11.5] sse: 0.00329955219098 p1: [ 36.  -72.   11.5]
opt: [ 36.  -36.   11.5] sse: 0.00329955219098 p1: [ 36.  -36.   11.5]
opt: [ 320.92312487  -25.31092013    6.15442205] sse: 0.00329955219098 p1: [ 320.92312487  -25.31092013    6.15442205]
opt: [ 180.   -72.    20.5] sse: 0.00329955219098 p1: [ 180.   -72.    20.5]
opt: [ 108.   -36.    17.5] sse: 0.00329955219098 p1: [ 108.   -36.    17.5]
opt: [ 172.72515216  -24.03247919   17.56231114] sse: 0.00329955219098 p1: [ 172.72515216  -24.03247919   17.56231114]
opt: [ 13.51442294 -61.56290237  54.27798002] sse: 0.00329955219098 p1: [ 13.51442294 -61.56290237  54.27798002]
opt: [ 306.67363719  -88.80497878   38.62935494] sse: 0.00329955219098 p1: [ 306.67363719  -88.80497878   38.62935494]
opt: [ 340.86355362  -21.73517389   16.58961405] sse: 0.00329955219098 p1: [ 340.86355362  -21.73517389   16.58961405]
opt: [ 36.  -36.   17.5] sse: 0.00329955219098 p1: [ 36.  -36.   17.5]
opt: [ 180.   -72.    11.5] sse: 0.00329955219098 p1: [ 180.   -72.    11.5]
opt: [ 252.   -72.    11.5] sse: 0.00329955219098 p1: [ 252.   -72.    11.5]

inc: -0.0206363967726 spot # 2
residual lightcurve:
[ 0.99269947  0.99404424  0.99544182  0.99685665  0.99825423  0.99960253
  1.00087316  1.00204216  1.00309136  1.00400975  1.0047949   1.00545637
  1.00602187  1.0064831   1.006801    1.00695699  1.00694492  1.00676724
  1.00643328  1.00595829  1.00536262  1.00467031  1.00390841  1.00310619
  1.00229399  1.00150209  1.00075939  1.00009228  0.99952359  0.99907186
  0.99875086  0.99856952  0.99853175  0.99863822  0.99888709  0.99927401
  0.99979084  1.00042468  1.00115816  1.00196966  1.002834    1.00372323
  1.00460779  1.00545762  1.0062434   1.00693766  1.00751572  1.00795624
  1.0082421   1.00836158  1.00830907  1.00808605  1.00770326  1.00715728
  1.00645168  1.00560963  1.00462708  1.00350893  1.00226769  1.00092241
  0.99949722  0.99802057  0.99652435  0.9950427   0.99361074  0.9922636
  0.99103668  0.98995358  0.98903019  0.98828058  0.98771658  0.98734731
  0.98717885  0.98721399  0.98745214  0.98788937  0.98851851  0.98932947
  0.99030959  0.9914429 ]

best fits:
opt: [ 151.0242438    -7.593585     11.03499629] sse: 0.00336088680924 p1: [ 107.42077803   34.64764966   17.17584929]
opt: [ 150.68382747   -5.749648      9.21329591] sse: 0.00336089417023 p1: [ 192.61899705   35.14934817   14.33111248]
opt: [ 150.4254134    -5.67678959    9.10650299] sse: 0.00336089461564 p1: [ 187.64661541   71.55492902   11.47943931]
opt: [ 151.79077795   -5.4345045     8.89794306] sse: 0.00336089562084 p1: [ 181.25327348   71.55231337   11.47932005]
opt: [ 151.86937132   -5.31781646    8.77264631] sse: 0.00336089620823 p1: [ 124.58705194   69.91880486   11.40368908]
opt: [ 150.9918449    -4.52080298    8.01811489] sse: 0.00336089997213 p1: [ 76.7233132   35.24228743  11.38096101]
opt: [ 150.928319     -4.00279292    7.5391815 ] sse: 0.00336090255159 p1: [ 272.14403308   34.31839381   11.23719266]
opt: [ 252.   -72.    11.5] sse: 0.00336101611449 p1: [ 252.   -72.    11.5]
opt: [ 36.  -36.   17.5] sse: 0.00336101611449 p1: [ 36.  -36.   17.5]
opt: [ 180.   -72.    23.5] sse: 0.00336101611449 p1: [ 180.   -72.    23.5]
opt: [ 180.   -36.    20.5] sse: 0.00336101611449 p1: [ 180.   -36.    20.5]
opt: [ 180.   -36.    17.5] sse: 0.00336101611449 p1: [ 180.   -36.    17.5]
opt: [ 252.   -36.    11.5] sse: 0.00336101611449 p1: [ 252.   -36.    11.5]
opt: [ 108.   -72.    17.5] sse: 0.00336101611449 p1: [ 108.   -72.    17.5]
opt: [ 108.   -36.    11.5] sse: 0.00336101611449 p1: [ 108.   -36.    11.5]
opt: [ 36.  -72.   11.5] sse: 0.00336101611449 p1: [ 36.  -72.   11.5]
opt: [ 324.   -72.    14.5] sse: 0.00336101611449 p1: [ 324.   -72.    14.5]
opt: [ 36.  -72.   20.5] sse: 0.00336101611449 p1: [ 36.  -72.   20.5]
opt: [ 180.   -72.    14.5] sse: 0.00336101611449 p1: [ 180.   -72.    14.5]
opt: [ 108.   -72.    11.5] sse: 0.00336101611449 p1: [ 108.   -72.    11.5]
opt: [ 324.   -36.    14.5] sse: 0.00336101611449 p1: [ 324.   -36.    14.5]
opt: [ 36.  -36.   11.5] sse: 0.00336101611449 p1: [ 36.  -36.   11.5]
opt: [ 180.   -36.    11.5] sse: 0.00336101611449 p1: [ 180.   -36.    11.5]
opt: [ 359.87263992    2.0997178     7.64638833] sse: 0.00336744401841 p1: [ 163.06412651   35.2413286    11.3806114 ]
opt: [ 139.95354582   -0.73989492   10.92588326] sse: 0.00337178286441 p1: [  1.49778532e+02  -3.87986282e-02   1.14695082e+01]
opt: [ 133.67286926   -1.43326561   13.38714011] sse: 0.00339159248832 p1: [  1.50376720e+02  -1.50168847e-01   1.43821278e+01]
opt: [ 172.74661744   -1.3025305    13.49193671] sse: 0.00339497270292 p1: [  1.84421945e+02  -3.12022147e-02   1.44755329e+01]
opt: [ 122.8444043    -2.47763271   15.57172455] sse: 0.00341838994846 p1: [ 228.38270212   -0.50181908   17.10715913]
opt: [ 121.95114237   -2.29518654   15.72993422] sse: 0.00342672007175 p1: [  1.07773029e+02  -8.62487685e-02   1.74323438e+01]
opt: [ 120.80175914   -3.70758739   17.64855491] sse: 0.00345135710644 p1: [ 74.17995673  -0.26640446  20.29098862]

best final fit:
[24.693003795929002, array([ 330.03741482,   65.30692024,   16.69621221]), array([ 144.16934689,  -33.8474315 ,   31.31727907])]
sse: 0.00148213631115
intensity:
[ 0.97098438  0.97128352 /Library/Frameworks/Python.framework/Versions/6.2/lib/python2.6/site-packages/scipy/optimize/minpack.py:316: RuntimeWarning: Number of calls to function has reached maxfev = 1600.
  warnings.warn(errors[info][0], RuntimeWarning)
 0.97161655  0.97198061  0.97237267  0.97278953
  0.97322788  0.97368431  0.97415539  0.97463769  0.97512781  0.97562241
  0.97611669  0.9765862   0.97701006  0.97737884  0.97768812  0.97793683
  0.97812649  0.9782606   0.97834425  0.97838379  0.97838645  0.97836008
  0.97831281  0.97825281  0.97818797  0.97812572  0.97807271  0.9780347
  0.9780163   0.97802091  0.97805054  0.97810581  0.97818589  0.97828853
  0.97841011  0.97854577  0.97868951  0.97883437  0.97897264  0.97909611
  0.97919626  0.97926455  0.97929273  0.97927312  0.97919889  0.97906442
  0.97886564  0.97860047  0.9782693   0.97787586  0.97742866  0.97694696
  0.97645611  0.97596126  0.97546548  0.97497195  0.97448394  0.97400482
  0.973538    0.97308693  0.97265503  0.97224567  0.97186213  0.97150758
  0.97118499  0.97089712  0.9706465   0.97043534  0.97026554  0.97013864
  0.9700558   0.97001779  0.97002495  0.97007722  0.97017411  0.97031474
  0.97049782  0.9707217 ]

lightcurve:
[ 0.96920907  0.97055384  0.97195142  0.97336625  0.97476383  0.97611213
  0.97738276  0.97855176  0.97960096  0.98051935  0.98130451  0.98196597
  0.98253148  0.98299271  0.98331061  0.9834666   0.98345453  0.98327685
  0.98294289  0.9824679   0.98187223  0.98117992  0.98041803  0.9796158
  0.97880361  0.97801171  0.97726901  0.97660189  0.9760332   0.97558148
  0.97526048  0.97507913  0.97504137  0.97514784  0.9753967   0.97578363
  0.97630046  0.9769343   0.97766777  0.97847928  0.97934362  0.98023285
  0.9811174   0.98196723  0.98275301  0.98344728  0.98402533  0.98446585
  0.98475171  0.98487119  0.98481868  0.98459566  0.98421287  0.98366689
  0.98296129  0.98211924  0.98113669  0.98001854  0.9787773   0.97743201
  0.97600682  0.97453017  0.97303395  0.9715523   0.97012035  0.9687732
  0.96754628  0.96646318  0.96553979  0.96479018  0.96422618  0.96385691
  0.96368845  0.96372359  0.96396174  0.96439897  0.96502811  0.96583907
  0.96681919  0.9679525 ]

best fits:
opt: [27.148079393690164, [325.43957917214345, -49.69905798439828, 67.662284903356223], [142.88697814631871, -62.874437079546347, 72.735860548141488]] sse: 1.96766034614e-07 p0: [5.610512234077949, [330.05822367876169, 13.098224022268329, 32.170521860747897], [144.30046059615631, -21.915941882749969, 28.417067441280821]]


tparams: [66.389406690063794, [142.92700462925799, 45.168865933252448, 15.989534298503759], [325.47456509509186, 46.269312723529964, 19.538403629342238]]
final param sets:
params:  [27.148079393690164, [325.43957917214345, -49.69905798439828, 67.662284903356223], [142.88697814631871, -62.874437079546347, 72.735860548141488]]
pdists:  [0.87202949547496944, 3.2951206602648528, 3.4264173124545922]
