/Library/Frameworks/Python.framework/Versions/6.2/lib/python2.6/site-packages/scipy/optimize/minpack.py:316: RuntimeWarning: Number of calls to function has reached maxfev = 20.
  warnings.warn(errors[info][0], RuntimeWarning)
/Library/Frameworks/Python.framework/Versions/6.2/lib/python2.6/site-packages/scipy/optimize/minpack.py:316: RuntimeWarning: Number of calls to function has reached maxfev = 1000.
  warnings.warn(errors[info][0], RuntimeWarning)
/Library/Frameworks/Python.framework/Versions/6.2/lib/python2.6/site-packages/scipy/optimize/minpack.py:316: RuntimeWarning: Number of calls to function has reached maxfev = 800.
  warnings.warn(errors[info][0], RuntimeWarning)
['lcmultifit.py', '2']
tparams: [15.049224928987773, [142.37438922249709, 76.440960296880462, 12.401385380273531], [173.86054234359798, 45.25158594052283, 18.073106001589373]]

first spot
lightcurve:
[ 0.97037118  0.97023646  0.97005904  0.96983975  0.96957962  0.9692799
  0.96894197  0.96856745  0.96815811  0.9677159   0.96724297  0.9667416
  0.96621429  0.96566368  0.96509259  0.964504    0.96390106  0.96328708
  0.9626655   0.96203994  0.96141411  0.96079187  0.96017715  0.95957399
  0.95898645  0.95841862  0.95787456  0.9573583   0.95687374  0.95642469
  0.95601472  0.9556472   0.95532521  0.95505153  0.95482856  0.95465829
  0.9545423   0.95448171  0.95447714  0.95452875  0.95463617  0.95479856
  0.95501459  0.95528247  0.95559997  0.95596445  0.9563729   0.95682199
  0.9573081   0.9578274   0.95837585  0.95894928  0.95954344  0.96015404
  0.96077678  0.9614074   0.96204173  0.96267569  0.96330532  0.96392684
  0.96453661  0.96513118  0.96570728  0.96626185  0.96679202  0.96729511
  0.96776864  0.96821033  0.96861811  0.96899008  0.96932454  0.96961999
  0.96987512  0.97008882  0.97026015  0.97038838  0.97047297  0.97051359
  0.9705101   0.97046254]

best fits:
opt: [  19.67937033  168.73533768   64.58644645   20.86083435] sse: 2.81981300538e-08 p1: [  10.62525257  180.56842492   49.21648063   22.32127553]
opt: [  25.4136308   168.73533761   70.3206905    20.860838  ] sse: 2.81981300538e-08 p1: [  25.41560684  168.7353212    70.32283678   20.86079975]
opt: [  27.10109049  -11.25508434  108.41591626   20.95786488] sse: 2.97909589344e-08 p1: [  25.62605142  -11.30433335  108.42283668   20.79116505]
opt: [  18.00962393  348.71257978  117.72983857   21.0042587 ] sse: 2.98757109246e-08 p1: [  16.77333231  348.72275928  118.32193511   21.29830034]
opt: [  75.39909313  168.73528411   84.70762451   38.52586791] sse: 3.23475621323e-08 p1: [  70.37635624  168.648948     84.4752776    34.94748709]
opt: [   5.29235779  168.73528427   14.60046809   38.52618075] sse: 3.23475621406e-08 p1: [   5.48142876  168.73607533   18.80548135   35.58775618]
opt: [  68.40007084  348.72447307   95.66373804   33.76183985] sse: 3.55075975836e-08 p1: [  68.39372204  348.79364601   95.64634454   33.7653508 ]
opt: [ 100.72790328  168.68660221  -84.84089515   41.34146918] sse: 3.89423381671e-08 p1: [ 110.89780309  166.7637306   -84.36220803   32.92934836]
opt: [  96.76330951  168.67275079  -84.95751973   44.32247455] sse: 4.45848595352e-08 p1: [  99.04713394  174.96480292  -40.50751122   25.51269515]
opt: [  -5.88560425  348.66140355   24.39694305   32.01637479] sse: 4.906468938e-08 p1: [  -5.14153073  328.91916904   32.27831246   27.81535301]
opt: [  94.05046873  168.68772393  -85.02440151   46.40925511] sse: 5.12862119103e-08 p1: [  98.14223557  174.9741155   -85.19600389   42.96772141]

inc: 19.6793703254 spot # 2
residual lightcurve:
[ 0.99999587  0.99999202  0.99998817  0.99998443  0.99998092  0.99997776
  0.99997505  0.9999729   0.9999714   0.99997065  0.99997068  0.99997153
  0.99997322  0.99997571  0.99997896  0.99998288  0.99998736  0.99999228
  0.99999749  1.00000281  1.00000809  1.00001314  1.00001781  1.00002193
  1.00002537  1.00002801  1.00002977  1.00003059  1.00003045  1.00002937
  1.00002738  1.00002457  1.00002104  1.00001692  1.00001235  1.00000749
  1.00000251  0.99999756  0.99999281  0.99998841  0.99998446  0.9999811
  0.99997838  0.99997638  0.99997512  0.99997459  0.99997478  0.99997565
  0.99997713  0.99997914  0.99998159  0.9999844   0.99998746  0.99999069
  0.99999399  0.99999728  1.00000049  1.00000357  1.00000646  1.00000914
  1.00001157  1.00001374  1.00001564  1.00001726  1.00001859  1.00001964
  1.0000204   1.00002086  1.00002101  1.00002084  1.00002034  1.00001949
  1.00001827  1.00001668  1.0000147   1.00001235  1.00000964  1.00000659
  1.00000323  0.99999964]

best fits:
opt: [ 40.87059708 -15.05313523   1.96491279] sse: 1.99153551155e-08 p1: [ 183.80544811   36.1772392     0.35305069]
opt: [ 205.64844761  -15.13323152    1.84184198] sse: 2.20753109456e-08 p1: [ 204.8610622    -6.00114401    0.65088505]
opt: [  3.62285360e+01   7.89953696e-03   2.83950305e-01] sse: 2.71049964551e-08 p1: [ 236.21713768   76.0457309     0.34199799]
opt: [  3.60033862e+02   4.95362143e+00   2.40629983e-01] sse: 2.79634871339e-08 p1: [  3.41226082e+02   3.95773829e+01   3.20627027e-01]
opt: [  3.59984840e+02   3.57771114e+01   2.61552109e-02] sse: 2.8197009344e-08 p1: [  3.55675187e+02   3.58232178e+01   2.61433459e-02]
opt: [ 347.04844368  -57.04527012   33.64906289] sse: 2.81981300538e-08 p1: [ 347.04844368  -57.04527012   33.64906289]
opt: [ 108.   -36.    11.5] sse: 2.81981300538e-08 p1: [ 108.   -36.    11.5]
opt: [ 252.   -72.    17.5] sse: 2.81981300538e-08 p1: [ 252.   -72.    17.5]
opt: [ 16.66425567 -42.25722432   0.11136869] sse: 2.81981300538e-08 p1: [  1.88800825e+02   4.48881743e+01   1.32432159e-01]
opt: [ 60.54470741 -69.43914208  44.36863481] sse: 2.81981300538e-08 p1: [ 60.54470741 -69.43914208  44.36863481]
opt: [ 36.  -72.   11.5] sse: 2.81981300538e-08 p1: [ 36.  -72.   11.5]
opt: [ 252.   -36.    11.5] sse: 2.81981300538e-08 p1: [ 252.   -36.    11.5]
opt: [ 252.   -72.    11.5] sse: 2.81981300538e-08 p1: [ 252.   -72.    11.5]
opt: [ 36.  -36.   11.5] sse: 2.81981300538e-08 p1: [ 36.  -36.   11.5]
opt: [ 180.   -72.    17.5] sse: 2.81981300538e-08 p1: [ 180.   -72.    17.5]
opt: [ 57.81589576 -40.17283414   0.20235492] sse: 2.81981300538e-08 p1: [ 92.26018456  71.10824722   0.35447205]
opt: [ 324.   -72.    23.5] sse: 2.81981300538e-08 p1: [ 324.   -72.    23.5]
opt: [ 36.  -72.   17.5] sse: 2.81981300538e-08 p1: [ 36.  -72.   17.5]

inc: 25.4136307963 spot # 2
residual lightcurve:
[ 0.99999587  0.99999202  0.99998817  0.99998443  0.99998092  0.99997776
  0.99997505  0.9999729   0.9999714   0.99997065  0.99997068  0.99997153
  0.99997322  0.99997571  0.99997896  0.99998288  0.99998736  0.99999228
  0.99999749  1.00000281  1.00000809  1.00001314  1.00001781  1.00002193
  1.00002537  1.00002801  1.00002977  1.00003059  1.00003045  1.00002937
  1.00002738  1.00002457  1.00002104  1.00001692  1.00001235  1.00000749
  1.00000251  0.99999756  0.99999281  0.99998841  0.99998446  0.9999811
  0.99997838  0.99997638  0.99997512  0.99997459  0.99997478  0.99997565
  0.99997713  0.99997914  0.99998159  0.9999844   0.99998746  0.99999069
  0.99999399  0.99999728  1.00000049  1.00000357  1.00000646  1.00000914
  1.00001157  1.00001374  1.00001564  1.00001726  1.00001859  1.00001964
  1.0000204   1.00002086  1.00002101  1.00002084  1.00002034  1.00001949
  1.00001827  1.00001668  1.0000147   1.00001235  1.00000964  1.00000658
  1.00000323  0.99999964]

best fits:
opt: [ 40.86736937 -19.5151161    1.73849275] sse: 1.99132878078e-08 p1: [ 42.34701878  64.95432588   0.36948305]
opt: [ 205.65753738  -19.62829759    1.63136237] sse: 2.20735781226e-08 p1: [ 210.97186953   -6.1096297     0.65498214]
opt: [  3.60016871e+02   2.73604551e-01   2.50506445e-01] sse: 2.78717936613e-08 p1: [  3.47739582e+02   7.63181798e+01   3.42947715e-01]
opt: [  3.60032595e+02   8.91918825e+00   2.49469600e-01] sse: 2.79835970905e-08 p1: [  3.38556047e+02   3.87148282e+01   3.26804504e-01]
opt: [  3.60003703e+02  -2.08296383e+01   3.47436123e-01] sse: 2.81159239544e-08 p1: [ 344.51814253  -20.50876298    0.37033161]
opt: [  3.60002792e+02   1.38829996e+01   2.33822066e-01] sse: 2.81177092595e-08 p1: [  3.47822251e+02   1.73235336e+01   2.39936263e-01]
opt: [ 108.   -72.    20.5] sse: 2.81981300538e-08 p1: [ 108.   -72.    20.5]
opt: [ 36.  -72.   20.5] sse: 2.81981300538e-08 p1: [ 36.  -72.   20.5]
opt: [ 180.   -72.    14.5] sse: 2.81981300538e-08 p1: [ 180.   -72.    14.5]
opt: [ 252.   -72.    11.5] sse: 2.81981300538e-08 p1: [ 252.   -72.    11.5]
opt: [ 324.   -72.    11.5] sse: 2.81981300538e-08 p1: [ 324.   -72.    11.5]
opt: [ 42.98102943 -25.88707395   0.16531002] sse: 2.81981300538e-08 p1: [ 93.47797401  72.00777383   0.35274842]
opt: [ 252.   -72.    17.5] sse: 2.81981300538e-08 p1: [ 252.   -72.    17.5]
opt: [ 324.   -72.    17.5] sse: 2.81981300538e-08 p1: [ 324.   -72.    17.5]
opt: [ 108.   -72.    11.5] sse: 2.81981300538e-08 p1: [ 108.   -72.    11.5]
opt: [ 108.   -72.    14.5] sse: 2.81981300538e-08 p1: [ 108.   -72.    14.5]
opt: [  1.05494385e+02  -1.79833088e+01   3.51081373e-03] sse: 2.81981981295e-08 p1: [  1.05494385e+02  -1.79833088e+01   3.51081373e-03]

inc: 27.1010904914 spot # 2
residual lightcurve:
[ 0.99999909  0.99999521  0.99999135  0.99998763  0.99998414  0.999981
  0.99997831  0.99997618  0.99997468  0.9999739   0.99997388  0.99997465
  0.99997621  0.99997852  0.99998155  0.99998519  0.99998934  0.99999387
  0.99999863  1.00000346  1.00000819  1.00001266  1.0000167   1.00002017
  1.00002294  1.0000249   1.00002598  1.00002614  1.00002536  1.00002368
  1.00002114  1.00001783  1.00001387  1.0000094   1.00000456  0.99999953
  0.99999447  0.99998955  0.99998492  0.99998073  0.9999771   0.99997413
  0.99997191  0.99997047  0.99996983  0.99996999  0.99997092  0.99997255
  0.99997482  0.99997762  0.99998087  0.99998445  0.99998826  0.9999922
  0.99999616  1.00000006  1.00000383  1.00000739  1.0000107   1.00001373
  1.00001644  1.00001881  1.00002085  1.00002255  1.0000239   1.00002492
  1.0000256   1.00002594  1.00002595  1.00002561  1.00002493  1.00002388
  1.00002247  1.00002069  1.00001854  1.00001603  1.00001318  1.00001001
  1.00000656  1.0000029 ]

best fits:
opt: [ 200.795796    -20.4957683     1.66380419] sse: 2.08405543993e-08 p1: [ 56.76773505  36.98716572   0.34565537]
opt: [ 41.6911521  -21.47146024   1.68007696] sse: 2.35059015606e-08 p1: [ 38.99304425 -19.80405475   1.34666217]
opt: [ 354.08858414  -29.37572208    1.33478274] sse: 2.97909589344e-08 p1: [ 354.08858414  -29.37572208    1.33478274]
opt: [ 252.   -72.    11.5] sse: 2.97909589344e-08 p1: [ 252.   -72.    11.5]
opt: [ 108.   -72.    23.5] sse: 2.97909589344e-08 p1: [ 108.   -72.    23.5]
opt: [ 180.   -72.    11.5] sse: 2.97909589344e-08 p1: [ 180.   -72.    11.5]
opt: [ 324.   -72.    17.5] sse: 2.97909589344e-08 p1: [ 324.   -72.    17.5]
opt: [ 324.   -72.    11.5] sse: 2.97909589344e-08 p1: [ 324.   -72.    11.5]
opt: [ 252.   -72.    20.5] sse: 2.97909589344e-08 p1: [ 252.   -72.    20.5]
opt: [ 331.76547692  -68.06538198   39.32476589] sse: 2.97909589344e-08 p1: [ 331.76547692  -68.06538198   39.32476589]
opt: [ 70.61482174 -34.72711956   3.29901452] sse: 2.97909589344e-08 p1: [ 70.61482174 -34.72711956   3.29901452]
opt: [ 36.  -72.   11.5] sse: 2.97909589344e-08 p1: [ 36.  -72.   11.5]
opt: [ 108.   -72.    11.5] sse: 2.97909589344e-08 p1: [ 108.   -72.    11.5]
opt: [  9.26116928e+01  -2.38579300e+01  -3.17082268e-04] sse: 2.97909590234e-08 p1: [  9.26116928e+01  -2.38579300e+01  -3.17082268e-04]
opt: [  3.60011589e+02  -3.36267644e+00   1.57536616e-01] sse: 2.97935967355e-08 p1: [  3.35245391e+02   2.78443416e+01   3.19964892e-01]
opt: [  3.60021219e+02   1.24622040e+01   1.96630243e-01] sse: 3.01430258517e-08 p1: [  3.46969557e+02   1.66956010e+01   2.06688187e-01]
opt: [  3.60000344e+02   8.81332101e+01   1.56538348e-01] sse: 3.0319001046e-08 p1: [  3.41748205e+02   9.03089835e+01   3.17563109e-01]
opt: [  3.59996633e+02   4.77412711e+01   2.02911278e-01] sse: 3.108694531e-08 p1: [  3.36391895e+02   5.19371275e+01   2.23453022e-01]

inc: 18.0096239307 spot # 2
residual lightcurve:
[ 0.99998799  0.99998463  0.99998137  0.9999783   0.99997552  0.99997313
  0.99997125  0.99996995  0.99996933  0.99996945  0.99997035  0.99997205
  0.99997454  0.99997779  0.99998173  0.99998628  0.99999132  0.9999967
  1.00000228  1.00000789  1.00001336  1.00001851  1.00002317  1.00002721
  1.00003049  1.00003289  1.00003435  1.00003481  1.00003428  1.00003276
  1.00003032  1.00002704  1.00002304  1.00001846  1.00001346  1.00000819
  1.00000284  0.99999757  0.99999254  0.9999879   0.99998377  0.99998026
  0.99997746  0.99997541  0.99997413  0.99997361  0.99997384  0.99997476
  0.99997628  0.99997834  0.99998083  0.99998364  0.99998668  0.99998984
  0.99999303  0.99999617  0.99999917  1.00000199  1.00000457  1.00000688
  1.00000889  1.0000106   1.000012    1.00001309  1.00001387  1.00001437
  1.00001457  1.00001448  1.00001411  1.00001345  1.00001251  1.00001127
  1.00000974  1.00000791  1.00000578  1.00000336  1.00000067  0.99999774
  0.99999462  0.99999134]

best fits:
opt: [ 34.56594667 -13.06669764   1.93813343] sse: 2.02695309822e-08 p1: [ 81.18576378  40.01570444  -0.09300835]
opt: [ 205.97653903  -13.76637024    1.94205957] sse: 2.32270850963e-08 p1: [ 205.35484381  -14.31745179    2.02992421]
opt: [ 360.08020054   -0.42691602    0.60627427] sse: 2.73405974583e-08 p1: [  2.79486513e+02   4.69317578e+01   1.32572677e-01]
opt: [  3.60056558e+02  -3.55148278e-03   6.12885958e-01] sse: 2.73618134234e-08 p1: [ 347.50279369    6.70907104    0.35822938]
opt: [ 360.04249281    4.08874985    0.39052326] sse: 2.82074343765e-08 p1: [  2.11375810e+02   4.36585220e+01  -5.39165396e-02]
opt: [  3.59999969e+02   1.03514011e+01   3.36354403e-01] sse: 2.86657390117e-08 p1: [  3.48020639e+02   1.90423449e+01   3.30946260e-01]
opt: [  3.60018524e+02   4.88136133e+00   3.09447481e-01] sse: 2.86731774137e-08 p1: [ 228.15007379   82.63688206    0.34251195]
opt: [  0.06726423  23.83155577   0.24528869] sse: 2.9271377326e-08 p1: [  9.17395629  24.9317613    0.24371854]
opt: [  0.07988015  42.70644498   0.17435554] sse: 2.94484222831e-08 p1: [ 21.8987806   49.38281064   0.17301586]
opt: [ 94.35743752 -86.91894922  67.34402122] sse: 2.98757109246e-08 p1: [ 94.35743752 -86.91894922  67.34402122]
opt: [ 252.   -72.    11.5] sse: 2.98757109246e-08 p1: [ 252.   -72.    11.5]
opt: [ 180.   -72.    11.5] sse: 2.98757109246e-08 p1: [ 180.   -72.    11.5]
opt: [ 252.   -36.    11.5] sse: 2.98757109246e-08 p1: [ 252.   -36.    11.5]
opt: [ 36.  -72.   14.5] sse: 2.98757109246e-08 p1: [ 36.  -72.   14.5]
opt: [ 108.   -36.    11.5] sse: 2.98757109246e-08 p1: [ 108.   -36.    11.5]
opt: [ 324.   -36.    11.5] sse: 2.98757109246e-08 p1: [ 324.   -36.    11.5]
opt: [ 324.   -72.    11.5] sse: 2.98757109246e-08 p1: [ 324.   -72.    11.5]
opt: [ 252.   -72.    14.5] sse: 2.98757109246e-08 p1: [ 252.   -72.    14.5]
opt: [ 324.   -72.    17.5] sse: 2.98757109246e-08 p1: [ 324.   -72.    17.5]
opt: [ 108.   -72.    20.5] sse: 2.98757109246e-08 p1: [ 108.   -72.    20.5]
opt: [ 180.   -36.    11.5] sse: 2.98757109246e-08 p1: [ 180.   -36.    11.5]
opt: [ 36.  -72.   11.5] sse: 2.98757109246e-08 p1: [ 36.  -72.   11.5]
opt: [ 36.  -72.   20.5] sse: 2.98757109246e-08 p1: [ 36.  -72.   20.5]
opt: [ 324.   -72.    14.5] sse: 2.98757109246e-08 p1: [ 324.   -72.    14.5]
opt: [ 252.   -72.    20.5] sse: 2.98757109246e-08 p1: [ 252.   -72.    20.5]
opt: [ 36.  -36.   11.5] sse: 2.98757109246e-08 p1: [ 36.  -36.   11.5]
opt: [ 324.   -72.    20.5] sse: 2.98757109246e-08 p1: [ 324.   -72.    20.5]

inc: 75.3990931316 spot # 2
residual lightcurve:
[ 1.00000137  0.99999651  0.99999142  0.99998626  0.99998124  0.99997654
  0.99997237  0.99996891  0.99996634  0.99996477  0.99996433  0.99996506
  0.99996698  0.99997005  0.99997418  0.99997924  0.99998507  0.99999145
  0.99999816  1.00000494  1.00001155  1.00001775  1.00002329  1.00002799
  1.00003166  1.00003419  1.0000355   1.00003555  1.00003437  1.00003203
  1.00002864  1.00002436  1.00001938  1.00001389  1.00000813  1.00000232
  0.99999666  0.99999138  0.99998663  0.99998256  0.99997929  0.99997688
  0.99997536  0.99997472  0.99997491  0.99997585  0.99997745  0.99997957
  0.99998209  0.99998486  0.99998777  0.99999069  0.99999351  0.99999615
  0.99999857  1.00000072  1.00000259  1.00000421  1.00000561  1.00000682
  1.00000791  1.00000894  1.00000996  1.000011    1.00001211  1.00001328
  1.00001452  1.00001579  1.00001703  1.00001817  1.00001913  1.00001981
  1.00002011  1.00001993  1.00001921  1.00001785  1.00001584  1.00001314
  1.00000979  1.00000584]

best fits:
opt: [ 43.15973374 -72.2355639    2.62987242] sse: 2.12256512741e-08 p1: [ 101.44411137   75.3489181     0.39575956]
opt: [ 43.21994183 -76.6915769    5.78831237] sse: 2.12470774094e-08 p1: [ 43.24293125 -76.76360447   5.8470255 ]
opt: [ 198.1451281   -71.55583401    1.99316878] sse: 2.6625504747e-08 p1: [ 223.34355395   12.05571194    0.32855739]
opt: [ 198.06405807  -80.3242024     8.47957127] sse: 2.66489269107e-08 p1: [ 200.97479152  -86.4339134    13.63985046]
opt: [  3.60057949e+02  -1.08357567e+01   2.61921309e-01] sse: 3.20660776307e-08 p1: [  3.33184056e+02   3.79141313e+00   3.04937942e-01]
opt: [ 360.0318619   -88.70061677   14.82804824] sse: 3.20818296333e-08 p1: [ 342.15522225  -89.78715141   16.79944233]
opt: [  3.60008237e+02   2.30463094e+01   1.25092618e-01] sse: 3.21262951591e-08 p1: [  3.51448450e+02   1.56771267e+01   1.24883809e-01]
opt: [ 37.72042887 -89.62604541   1.79217673] sse: 3.23475621323e-08 p1: [ 37.72042887 -93.00518588   1.79217673]
opt: [ 359.99860755  -89.98477173   15.377034  ] sse: 3.24016724046e-08 p1: [ 359.60025456  -90.08985505   15.58035103]
opt: [  3.59978192e+02   8.32921570e+01   2.35442988e-01] sse: 3.24786643099e-08 p1: [ 334.64327446   77.55926178    0.38939144]

inc: 5.29235778669 spot # 2
residual lightcurve:
[ 1.00000137  0.99999651  0.99999142  0.99998626  0.99998124  0.99997654
  0.99997237  0.99996891  0.99996634  0.99996477  0.99996433  0.99996506
  0.99996698  0.99997005  0.99997418  0.99997924  0.99998507  0.99999145
  0.99999816  1.00000494  1.00001156  1.00001775  1.00002329  1.00002799
  1.00003166  1.00003419  1.0000355   1.00003555  1.00003437  1.00003203
  1.00002864  1.00002436  1.00001938  1.00001389  1.00000813  1.00000231
  0.99999666  0.99999138  0.99998663  0.99998256  0.99997929  0.99997688
  0.99997536  0.99997472  0.99997491  0.99997585  0.99997745  0.99997957
  0.99998209  0.99998486  0.99998777  0.99999069  0.99999351  0.99999616
  0.99999857  1.00000072  1.0000026   1.00000421  1.00000561  1.00000682
  1.00000791  1.00000894  1.00000996  1.000011    1.00001211  1.00001329
  1.00001452  1.00001579  1.00001703  1.00001817  1.00001913  1.00001981
  1.00002011  1.00001993  1.0000192   1.00001785  1.00001584  1.00001314
  1.00000979  1.00000583]

best fits:
opt: [  3.59995931e+02   1.07072001e+00   2.60432456e-01] sse: 3.22375911256e-08 p1: [ 350.50843137   42.19633971    0.37441353]
opt: [ 77.51466332   5.17433709   0.10764248] sse: 3.23362898119e-08 p1: [ 95.68282146  27.42240647   0.10867239]
opt: [  6.47638067e+01   3.10157307e+01   2.25630448e-02] sse: 3.23470417035e-08 p1: [  8.26662784e+01   2.46239898e+01  -1.93281857e-02]
opt: [  3.59363379e+02   2.49388515e+01   2.16793436e-02] sse: 3.23474722724e-08 p1: [  3.40018546e+02   2.59991818e+01  -9.49800325e-02]
opt: [  3.18856635e+01   3.24429065e+01   7.04090683e-03] sse: 3.2347515939e-08 p1: [  3.18856635e+01   3.24429065e+01   7.04090683e-03]
opt: [ 252.   -36.    17.5] sse: 3.23475621406e-08 p1: [ 252.   -36.    17.5]
opt: [ 180.   -72.    20.5] sse: 3.23475621406e-08 p1: [ 180.   -72.    20.5]
opt: [ 180.   -36.    14.5] sse: 3.23475621406e-08 p1: [ 180.   -36.    14.5]
opt: [ 324.   -72.    14.5] sse: 3.23475621406e-08 p1: [ 324.   -72.    14.5]
opt: [ 252.   -72.    11.5] sse: 3.23475621406e-08 p1: [ 252.   -72.    11.5]
opt: [ 50.47440248  -6.90013434   0.43698986] sse: 3.23475621406e-08 p1: [ 70.95041564  32.3983766    0.39814878]
opt: [ 150.51595386  -16.38557967    0.36476848] sse: 3.23475621406e-08 p1: [ 225.19393844   88.78512232    0.31479557]
opt: [ 108.   -36.    17.5] sse: 3.23475621406e-08 p1: [ 108.   -36.    17.5]
opt: [ 199.84879585  -23.59571739    0.25909663] sse: 3.23475621406e-08 p1: [  2.29304418e+02   5.22021376e+01   2.26134961e-01]
opt: [ 324.   -72.    11.5] sse: 3.23475621406e-08 p1: [ 324.   -72.    11.5]
opt: [ 108.   -72.    17.5] sse: 3.23475621406e-08 p1: [ 108.   -72.    17.5]
opt: [ 108.   -72.    11.5] sse: 3.23475621406e-08 p1: [ 108.   -72.    11.5]
opt: [ 252.   -72.    17.5] sse: 3.23475621406e-08 p1: [ 252.   -72.    17.5]
opt: [ 324.   -72.    17.5] sse: 3.23475621406e-08 p1: [ 324.   -72.    17.5]
opt: [ 36.  -36.   17.5] sse: 3.23475621406e-08 p1: [ 36.  -36.   17.5]
opt: [ 324.   -36.    17.5] sse: 3.23475621406e-08 p1: [ 324.   -36.    17.5]
opt: [ 36.  -36.   11.5] sse: 3.23475621406e-08 p1: [ 36.  -36.   11.5]
opt: [ 180.   -72.    11.5] sse: 3.23475621406e-08 p1: [ 180.   -72.    11.5]
opt: [ 36.  -72.   20.5] sse: 3.23475621406e-08 p1: [ 36.  -72.   20.5]
opt: [ 108.   -36.    11.5] sse: 3.23475621406e-08 p1: [ 108.   -36.    11.5]
opt: [ 36.  -72.   11.5] sse: 3.23475621406e-08 p1: [ 36.  -72.   11.5]
opt: [ 147.09672007  -19.91489656    0.21993704] sse: 3.23475621406e-08 p1: [ 134.93748482   72.76952428    0.34925764]
opt: [  1.83877537e+02   3.55736339e+01   5.69747921e-03] sse: 3.23475672333e-08 p1: [  1.83877537e+02   3.55736339e+01   5.69747921e-03]
opt: [  1.99071743e+02   3.68413529e+01   5.53764619e-03] sse: 3.23475719452e-08 p1: [  2.49888452e+02   4.13576908e+01   6.04286789e-03]
opt: [  3.59999734e+02   2.74015162e+01   9.87837636e-02] sse: 3.23594418314e-08 p1: [  3.35339748e+02   2.78962140e+01   9.96648740e-02]

inc: 68.4000708428 spot # 2
residual lightcurve:
[ 0.99999642  0.99999154  0.9999864   0.99998118  0.99997608  0.99997132
  0.9999671   0.99996363  0.99996109  0.99995963  0.99995936  0.99996035
  0.99996262  0.99996614  0.99997081  0.99997651  0.99998305  0.99999021
  0.99999775  1.00000539  1.00001287  1.0000199   1.00002624  1.00003165
  1.00003595  1.00003899  1.00004068  1.00004098  1.00003992  1.00003756
  1.00003405  1.00002956  1.0000243   1.0000185   1.00001242  1.0000063
  1.00000039  0.9999949   0.99999002  0.99998589  0.99998262  0.99998025
  0.9999788   0.99997823  0.99997847  0.99997941  0.99998092  0.99998287
  0.99998511  0.99998749  0.99998988  0.99999217  0.99999428  0.99999614
  0.99999771  0.99999899  0.99999999  1.00000076  1.00000136  1.00000184
  1.00000228  1.00000276  1.00000333  1.00000404  1.00000492  1.00000597
  1.00000718  1.0000085   1.00000987  1.0000112   1.00001239  1.00001333
  1.0000139   1.00001399  1.00001351  1.00001238  1.00001055  1.00000801
  1.00000476  1.00000086]

best fits:
opt: [ 41.81991526 -62.72106341   2.08122189] sse: 2.04150688742e-08 p1: [ 70.12540031  79.029431     0.39007746]
opt: [ 41.83947388 -79.85957019  15.24751724] sse: 2.04737968465e-08 p1: [ 41.84169403 -79.86690368  15.25426938]
opt: [ 198.85722557  -63.35452004    1.60533878] sse: 3.1479559389e-08 p1: [ 232.77636196    8.83381578    0.3635994 ]
opt: [ 198.78750579  -81.34078693   15.84743291] sse: 3.15016414994e-08 p1: [ 198.56010829  -81.20672502   15.7210013 ]
opt: [  3.60052537e+02   2.91561204e+01   3.13039613e-01] sse: 3.31570371386e-08 p1: [ 338.4815742    67.70414266    0.40362489]
opt: [  3.60064622e+02   3.94151704e+01   3.21852836e-01] sse: 3.32622671972e-08 p1: [ 340.11966527   62.27000608    0.4335992 ]
opt: [ 360.06206235  -88.93800917   22.37188107] sse: 3.34583161386e-08 p1: [ 355.24427999  -88.9727714    22.35210464]
opt: [  3.60051968e+02   5.17255988e+01   3.54445062e-01] sse: 3.36705850893e-08 p1: [ 336.09952928   54.63259509    0.49239716]
opt: [  3.59996166e+02   5.50843566e+01   2.84732820e-01] sse: 3.37548343146e-08 p1: [ 277.87506349   74.45247095    0.39055002]
opt: [  3.60051511e+02   1.92544430e+00   2.29572596e-01] sse: 3.37798974104e-08 p1: [  3.39679029e+02  -2.65311492e+00   2.13586758e-01]
opt: [  3.60028918e+02   5.83423555e+01   3.00084525e-01] sse: 3.38651356238e-08 p1: [ 333.89187928   69.89264522    0.48744187]
opt: [  3.60027161e+02   6.01155665e+01   3.24424995e-01] sse: 3.39672698745e-08 p1: [ 347.941444     75.97309316    0.38908868]
opt: [ 204.08224525  -90.4541929    22.62907028] sse: 3.41033634279e-08 p1: [ 136.8338051   -90.00518983   22.83594991]

inc: 100.727903283 spot # 2
residual lightcurve:
[ 0.99998726  0.99998339  0.99997944  0.99997558  0.99997196  0.99996879
  0.99996622  0.99996444  0.99996358  0.99996375  0.99996504  0.99996746
  0.99997101  0.99997562  0.99998119  0.99998757  0.99999455  1.00000193
  1.00000945  1.00001687  1.00002392  1.00003035  1.00003595  1.00004051
  1.00004388  1.00004595  1.00004665  1.00004597  1.00004397  1.00004073
  1.00003639  1.00003114  1.00002518  1.00001874  1.00001206  1.00000539
  0.99999896  0.99999298  0.99998763  0.99998307  0.9999794   0.99997669
  0.99997496  0.99997419  0.99997433  0.99997527  0.99997691  0.9999791
  0.99998169  0.99998452  0.99998744  0.99999032  0.99999304  0.99999551
  0.99999764  0.99999941  1.00000081  1.00000184  1.00000254  1.00000297
  1.00000319  1.00000327  1.00000327  1.00000327  1.0000033   1.0000034
  1.00000358  1.00000382  1.0000041   1.00000436  1.00000454  1.00000455
  1.00000432  1.00000376  1.0000028   1.00000139  0.99999949  0.99999708
  0.9999942   0.9999909 ]

best fits:
opt: [ 34.84677519  80.31131414   5.55120345] sse: 2.65017201959e-08 p1: [ 35.78032391  80.37388889   5.50106067]
opt: [ 34.65949419  74.6956224    2.12101997] sse: 2.65921883868e-08 p1: [ 35.41803114  71.72903102   1.57107947]
opt: [ 34.83288198  74.29119157   2.00691164] sse: 2.6687706515e-08 p1: [ 35.15808029  64.56473501   1.1706447 ]
opt: [ 35.80855545  73.31671207   1.78174729] sse: 2.70428857799e-08 p1: [ 34.72691636 -65.22391434   0.44799991]
opt: [ 36.33106824  83.41748268   8.16302937] sse: 2.71829982003e-08 p1: [ 35.51986241  83.28547138   8.32731012]
opt: [ 35.95481828  72.82435307   1.69946647] sse: 2.72122152047e-08 p1: [ 35.29569946 -47.07433847   0.48241221]
opt: [ 35.95427836  72.74472734   1.68763473] sse: 2.72375243202e-08 p1: [ 35.62722111  18.0458655    0.56576892]
opt: [ 35.91551928  72.48633938   1.65156088] sse: 2.73159515578e-08 p1: [ 35.55208993 -62.42403994   0.2951888 ]
opt: [ 197.92951157   79.69129574    4.53387219] sse: 3.31724875222e-08 p1: [ 180.30448205   79.97547903    4.30798629]
opt: [ 198.11796479   80.2754819     5.00160597] sse: 3.31820372555e-08 p1: [ 247.53864416   82.3538474     3.15906815]
opt: [ 198.05102395   75.17729467    1.85720481] sse: 3.32905046671e-08 p1: [ 189.3690976    68.1641767     0.89872836]
opt: [ 197.43719494   74.42629139    1.66056521] sse: 3.34566991322e-08 p1: [ 246.29749238   43.73636369    0.30897281]
opt: [ 196.10315596   82.95969018    7.29147942] sse: 3.35363555222e-08 p1: [ 180.7074148    83.73795133    7.15237319]
opt: [  3.60023366e+02  -5.18825534e-01   2.47417573e-01] sse: 3.56787203783e-08 p1: [  3.26273863e+02   4.68926190e+01  -8.87519307e-02]
opt: [ 360.03262152   88.4013528    10.98241299] sse: 3.6216087495e-08 p1: [ 328.18249113   88.30789219   11.05570402]
opt: [  3.59997893e+02  -8.53365923e+01   3.10848082e-01] sse: 3.83218107009e-08 p1: [ 322.07459379  -65.55007423    0.43146193]
opt: [ 250.90928938   86.54692988    6.03190374] sse: 3.89423381671e-08 p1: [ 250.90928938   86.54692988    6.03190374]
opt: [ 248.95751967   89.21920315    8.31163892] sse: 3.89423381671e-08 p1: [ 248.95751967   89.21920315    8.31163892]
opt: [ 324.30565195   86.23057353    4.98784721] sse: 3.89423381671e-08 p1: [ 324.30565195   86.23057353    4.98784721]
opt: [ 326.01319306   89.15062416    6.72490136] sse: 3.89423381671e-08 p1: [ 326.01319306   89.15062416    6.72490136]
opt: [ 106.93559729   89.05549023    7.08833639] sse: 3.89423381671e-08 p1: [ 106.93559729   89.05549023    7.08833639]
opt: [ 188.50402365   86.97114164    3.48871125] sse: 3.89423381671e-08 p1: [ 188.50402365   86.97114164    3.48871125]
opt: [ 107.00018862   85.60445561    1.54452404] sse: 3.89423381671e-08 p1: [ 107.00018862   85.60445561    1.54452404]
opt: [ 324.43463421   84.50162476    3.62598493] sse: 3.89423381671e-08 p1: [ 324.43463421   94.52831092    3.62598529]
opt: [ 106.52016299   90.03275795   10.60915227] sse: 3.89423381671e-08 p1: [ 106.52016299   90.03275795   10.60915227]
opt: [ 90.71106589  86.37955426   5.58021857] sse: 3.89423381671e-08 p1: [ 90.71106589  91.63493821   5.58021857]
opt: [ 325.18946261   89.55086484    7.433188  ] sse: 3.89423381671e-08 p1: [ 325.18946261   89.55086484    7.433188  ]
opt: [ 180.35319232   64.1297978     0.90424588] sse: 4.03072060104e-08 p1: [ 180.35319232   90.92535305    0.90424585]

inc: 96.7633095143 spot # 2
residual lightcurve:
[ 0.99998419  0.9999809   0.99997765  0.9999746   0.99997189  0.9999697
  0.99996817  0.99996744  0.99996764  0.99996885  0.9999711   0.99997442
  0.99997876  0.99998403  0.99999011  0.99999681  1.00000394  1.00001126
  1.00001851  1.00002545  1.0000318   1.00003734  1.00004184  1.00004514
  1.00004709  1.00004761  1.00004667  1.00004429  1.00004056  1.00003561
  1.0000296   1.00002277  1.00001536  1.00000762  0.99999984  0.99999227
  0.99998517  0.99997877  0.99997325  0.99996878  0.99996545  0.99996331
  0.99996238  0.99996261  0.99996391  0.99996616  0.99996921  0.99997288
  0.99997698  0.99998133  0.99998572  0.99999     0.99999402  0.99999765
  1.00000081  1.00000344  1.0000055   1.00000702  1.00000802  1.00000856
  1.00000872  1.00000856  1.00000818  1.00000765  1.00000705  1.00000643
  1.00000582  1.00000523  1.00000467  1.00000409  1.00000347  1.00000275
  1.00000186  1.00000075  0.99999935  0.99999764  0.99999557  0.99999315
  0.99999041  0.9999874 ]

best fits:
opt: [ 191.55015696   81.86179467    3.59489862] sse: 3.25771468253e-08 p1: [ 184.688275     82.08487718    3.51152417]
opt: [ 191.56856811   79.81580785    2.42213958] sse: 3.25798238623e-08 p1: [ 182.79617004   74.08492597    1.29191137]
opt: [ 191.57912375   79.67592634    2.36748146] sse: 3.26234208589e-08 p1: [ 184.39415335   77.97493615    2.08243729]
opt: [ 191.57635072   84.04491555    5.21150415] sse: 3.35051447951e-08 p1: [ 181.98928681   85.49091628    5.59556912]
opt: [ 29.81449531  79.98099041   2.32822357] sse: 3.50146481644e-08 p1: [ 33.80456808  73.96900242   1.15977037]
opt: [ 30.36534535  82.19228638   3.6329363 ] sse: 3.5087459758e-08 p1: [ 32.8626421   82.30217593   3.60568451]
opt: [ 30.30677477  79.05160577   1.98958213] sse: 3.52992742137e-08 p1: [ 35.06622402  51.0009589    0.59526819]
opt: [ 31.25234253  82.89877066   4.17355169] sse: 3.53603555968e-08 p1: [ 35.54615984  82.99521548   4.30477737]
opt: [ 30.28729054  85.32031307   6.00932484] sse: 3.63456656341e-08 p1: [ 35.03131741  86.02260298   6.112021  ]
opt: [ 194.97837358   45.05595957    0.59532916] sse: 3.85675437065e-08 p1: [ 189.72833319   71.25446252   -0.88230019]
opt: [ 195.22388747   22.65487371    0.48256195] sse: 3.90311324488e-08 p1: [  2.50767081e+02   3.01983956e+01   1.45837567e-01]
opt: [ 195.21966193   22.25652096    0.48134319] sse: 3.90376477619e-08 p1: [  2.50332638e+02  -2.67497374e+00   1.83561855e-01]
opt: [ 195.35645603   20.47697261    0.47573781] sse: 3.90381453452e-08 p1: [  2.47592254e+02   7.49908188e+01   7.72993351e-02]
opt: [ 194.91277174   25.217613      0.49182589] sse: 3.90515641584e-08 p1: [  2.50901617e+02  -5.84453818e+00   2.36612872e-01]
opt: [ 195.10210997   22.78492977    0.48329517] sse: 3.90519662185e-08 p1: [ 181.60669082  -50.34733409    0.46081348]
opt: [ 193.78114412   32.80875708    0.52578918] sse: 3.91444458023e-08 p1: [ 189.49902115   32.16540465    0.50657631]
opt: [ 28.80516633  48.29489978   0.58898091] sse: 3.96342652276e-08 p1: [ 27.68151827  70.88677874  -0.8719338 ]
opt: [  3.60056938e+02   1.50652522e+01   3.54937200e-01] sse: 3.99508736648e-08 p1: [ 353.6693493    47.52205116   -0.42384481]
opt: [ 360.11114737   84.25902024    4.39569829] sse: 4.02238286173e-08 p1: [ 340.82767051   85.55849568    3.2964708 ]
opt: [ 29.30285223  19.64667084   0.44858508] sse: 4.02807426949e-08 p1: [ 35.07948022  11.07274969   0.42078676]
opt: [ 29.25868716  18.84809129   0.44669638] sse: 4.02833262671e-08 p1: [ 34.52810285 -50.43814398   0.46500198]
opt: [ 28.89561257  11.40000051   0.43219653] sse: 4.03270740359e-08 p1: [ 115.6682617   -88.58466167    0.41061041]
opt: [  3.60045737e+02  -6.20498346e+01   3.55690056e-01] sse: 4.16762703383e-08 p1: [ 323.59468152  -72.07435116    0.33993108]
opt: [  3.60004600e+02   1.96905872e+01   2.43455121e-01] sse: 4.1791387789e-08 p1: [  3.25325381e+02   2.62943679e+01   2.30958608e-01]
opt: [  3.60010709e+02   5.44146832e+00   2.22956296e-01] sse: 4.19315798674e-08 p1: [  3.24963064e+02  -2.94498155e+00   2.21941319e-01]
opt: [  3.60001067e+02   7.34717030e+01   3.37690957e-01] sse: 4.36024929449e-08 p1: [  3.27909637e+02   7.46491856e+01   3.12662998e-01]
opt: [ 186.08654271  -90.0014351     0.31507799] sse: 4.42446042505e-08 p1: [ 252.35150626  -72.07196213    0.37258008]
opt: [ 107.4338348    86.12389966    2.50408629] sse: 4.45848595352e-08 p1: [ 107.4338348    86.12389966    2.50408629]
opt: [  8.33945877e+01   2.92173541e+01   1.91865610e-03] sse: 4.45850099904e-08 p1: [  1.07316933e+02   1.32016640e+01  -8.31842945e-03]

inc: -5.88560424727 spot # 2
residual lightcurve:
[ 0.9999889   0.99998506  0.9999811   0.99997719  0.99997351  0.99997028
  0.9999677   0.99996595  0.9999652   0.99996557  0.99996716  0.99997
  0.99997409  0.99997935  0.99998566  0.99999286  1.0000007   1.00000893
  1.00001726  1.00002538  1.00003297  1.00003973  1.00004537  1.00004965
  1.00005238  1.00005342  1.0000527   1.00005023  1.0000461   1.00004045
  1.00003352  1.00002557  1.00001694  1.00000798  0.99999904  0.99999049
  0.99998265  0.99997579  0.99997015  0.99996586  0.99996301  0.9999616
  0.99996156  0.99996277  0.99996505  0.99996818  0.99997195  0.9999761
  0.99998042  0.99998468  0.9999887   0.99999234  0.99999547  0.99999804
  1.          1.00000138  1.0000022   1.00000254  1.0000025   1.00000218
  1.00000169  1.00000115  1.00000064  1.00000025  1.00000003  1.00000004
  1.00000026  1.00000068  1.00000124  1.00000188  1.00000251  1.00000302
  1.0000033   1.00000325  1.00000278  1.00000181  1.0000003   0.99999821
  0.99999558  0.99999244]

best fits:
opt: [ 8.79390709 -8.34506458  6.54900751] sse: 3.80723104619e-08 p1: [ 18.77606651  -8.45564908   6.42470633]
opt: [ 214.21065529   -7.61124153    5.77645394] sse: 3.98624194036e-08 p1: [ 213.36937047   -8.14010857    5.26731019]
opt: [  0.4533993   14.76104179   0.26682853] sse: 4.87227844718e-08 p1: [ 66.21616859  19.43210515   0.30552735]
opt: [ 15.25473841  -0.03962056   0.24265521] sse: 4.87310778726e-08 p1: [ 106.45993396   21.3691445     0.33097446]
opt: [ 1.12705571  7.59886332  0.10568089] sse: 4.90300094931e-08 p1: [ 107.87127684    9.46106113    0.1341231 ]
opt: [  1.03057411e+02   6.01930066e+00   1.45533027e-02] sse: 4.90622011823e-08 p1: [  1.04188705e+02   3.47679344e+00   1.16645090e-02]
opt: [  1.06007836e+02   4.29175028e+01   4.01989085e-03] sse: 4.90641131046e-08 p1: [  3.39028971e+02   6.95227013e+01  -9.89456215e-02]
opt: [ 107.31795998  -11.51582122    0.68060591] sse: 4.906468938e-08 p1: [ 107.31795998  -11.51582122    0.68060591]
opt: [ 108.   -36.    17.5] sse: 4.906468938e-08 p1: [ 108.   -36.    17.5]
opt: [ 252.   -36.    14.5] sse: 4.906468938e-08 p1: [ 252.   -36.    14.5]
opt: [ 180.   -72.    11.5] sse: 4.906468938e-08 p1: [ 180.   -72.    11.5]
opt: [ 324.   -36.    14.5] sse: 4.906468938e-08 p1: [ 324.   -36.    14.5]
opt: [ 36.  -36.   23.5] sse: 4.906468938e-08 p1: [ 36.  -36.   23.5]
opt: [ 108.   -72.    11.5] sse: 4.906468938e-08 p1: [ 108.   -72.    11.5]
opt: [ 180.   -36.    17.5] sse: 4.906468938e-08 p1: [ 180.   -36.    17.5]
opt: [ 108.   -36.    11.5] sse: 4.906468938e-08 p1: [ 108.   -36.    11.5]
opt: [ 324.   -72.    11.5] sse: 4.906468938e-08 p1: [ 324.   -72.    11.5]
opt: [ 180.   -72.    17.5] sse: 4.906468938e-08 p1: [ 180.   -72.    17.5]
opt: [ 180.   -36.    11.5] sse: 4.906468938e-08 p1: [ 180.   -36.    11.5]
opt: [ 324.   -72.    20.5] sse: 4.906468938e-08 p1: [ 324.   -72.    20.5]
opt: [ 36.  -36.   14.5] sse: 4.906468938e-08 p1: [ 36.  -36.   14.5]
opt: [ 324.   -36.    11.5] sse: 4.906468938e-08 p1: [ 324.   -36.    11.5]
opt: [  3.41964241e+02  -8.67366606e+00   2.66343337e-01] sse: 4.906468938e-08 p1: [ 163.69515136    2.65034853    0.766819  ]
opt: [ 36.  -72.   23.5] sse: 4.906468938e-08 p1: [ 36.  -72.   23.5]
opt: [ 36.  -36.   11.5] sse: 4.906468938e-08 p1: [ 36.  -36.   11.5]
opt: [ 36.  -72.   11.5] sse: 4.906468938e-08 p1: [ 36.  -72.   11.5]
opt: [ 81.23649004 -29.59672718   0.44744559] sse: 4.906468938e-08 p1: [ 81.23649004 -29.59672718   0.44744559]
opt: [  3.06202996e+02   5.85429272e+00   1.35053245e-01] sse: 4.91216160101e-08 p1: [  2.49067720e+02   1.70266585e+01   9.56823422e-02]
opt: [  3.05268109e+02   5.90449437e+00   2.30995985e-01] sse: 4.92519266251e-08 p1: [  3.30444014e+02   1.67404251e+01   2.38086064e-01]
opt: [  2.99411684e+02   5.83699226e+00   2.34995373e-01] sse: 4.92730074591e-08 p1: [ 145.94515437   20.98975278    0.3476978 ]

inc: 94.0504687252 spot # 2
residual lightcurve:
[ 0.99998157  0.99997852  0.99997562  0.99997302  0.99997086  0.99996927
  0.9999684   0.99996837  0.99996926  0.99997115  0.99997406  0.99997799
  0.99998285  0.99998857  0.99999498  1.0000019   1.00000912  1.00001639
  1.00002345  1.00003005  1.00003594  1.00004087  1.00004465  1.00004711
  1.00004813  1.00004765  1.00004566  1.0000422   1.00003739  1.00003139
  1.00002439  1.00001664  1.00000842  1.          0.99999169  0.99998375
  0.99997647  0.99997006  0.99996474  0.99996063  0.99995786  0.99995645
  0.99995639  0.99995764  0.99996007  0.99996353  0.99996786  0.99997283
  0.99997824  0.99998387  0.9999895   0.99999493  1.          1.00000457
  1.00000852  1.00001179  1.00001434  1.00001617  1.00001732  1.00001784
  1.00001781  1.00001732  1.00001647  1.00001535  1.00001405  1.00001263
  1.00001116  1.00000967  1.00000817  1.00000666  1.00000513  1.00000354
  1.00000184  1.          0.99999798  0.99999574  0.99999327  0.99999058
  0.99998769  0.99998466]

best fits:
opt: [ 189.41457966   82.71612171    2.47582941] sse: 3.74786510268e-08 p1: [ 184.21978173   72.10516017    0.83983694]
opt: [ 189.22762136   82.74908303    2.49403825] sse: 3.74931634916e-08 p1: [ 190.56422908   78.3456287     1.35439318]
opt: [ 188.83601978   82.90066427    2.57163584] sse: 3.75234361443e-08 p1: [ 188.53029076   82.6834274     2.58867477]
opt: [ 188.89484694   83.80745259    3.06074252] sse: 3.77971698924e-08 p1: [ 184.04583362   83.88344604    3.67491544]
opt: [ 26.34461922  82.94079727   2.28577464] sse: 4.30143163811e-08 p1: [ 34.69589882  71.93698922   0.69606006]
opt: [ 27.07372777  84.05646059   2.89686762] sse: 4.32707422599e-08 p1: [ 32.57880817  84.71177765   2.67933019]
opt: [ 26.71071157  84.32193277   3.0530241 ] sse: 4.33045814509e-08 p1: [ 221.32964573   90.90674739    3.85697443]
opt: [ 191.60862155   21.3523422     0.49745134] sse: 4.4584664026e-08 p1: [  2.21131263e+02   5.45724282e+01   5.06095858e-02]
opt: [ 191.62321608   21.15209152    0.4970932 ] sse: 4.45864824329e-08 p1: [  1.85301790e+02   4.26347895e+01  -4.76788398e-02]
opt: [ 191.39916206   24.42142608    0.50878144] sse: 4.46339210688e-08 p1: [ 190.09606629  -52.38266537    0.38975922]
opt: [ 360.13503499   82.83495073    1.8806801 ] sse: 4.56920105754e-08 p1: [ 333.55908844   83.55854386    1.60791699]
opt: [ 360.1222814    84.08833735    2.44389904] sse: 4.57676759757e-08 p1: [ 358.90724792   85.86183489    1.27741268]
opt: [ 360.10110645   85.16091089    3.07546049] sse: 4.58491064762e-08 p1: [ 341.02068617   85.19279605    3.06122234]
opt: [ 360.06081161   14.84453447    0.38636811] sse: 4.67609754424e-08 p1: [ 359.01726832  -33.28242513   -0.38520531]
opt: [ 23.58639789  18.12750344   0.44499851] sse: 4.71015131857e-08 p1: [ 31.74451916 -67.75720383  -0.43649936]
opt: [ 23.6287126   18.66177196   0.44637196] sse: 4.71089886403e-08 p1: [  2.39358301e+02   2.59213459e+01  -1.14376264e-01]
opt: [ 23.70223733  19.95080128   0.45047942] sse: 4.71320108301e-08 p1: [ 34.03968809  33.54385413   0.41313748]
opt: [  3.60059722e+02   1.56566526e+01   2.77901269e-01] sse: 4.78908844437e-08 p1: [  3.41811648e+02   3.24835420e+01   2.46186319e-01]
opt: [ 159.29579892  -90.00083303    0.27246866] sse: 5.11702958346e-08 p1: [ 250.12360924  -74.21427924    0.34056279]
opt: [ 219.80256207   90.01036333    4.4696791 ] sse: 5.1262285807e-08 p1: [ 231.65259985   89.8082756     5.96093606]
opt: [  1.16054879e+02  -8.92417141e+01   7.88606956e-04] sse: 5.12862110673e-08 p1: [ 111.46820984  -79.02109815   -0.18916446]
opt: [ 249.30904819   89.31009388    1.83875215] sse: 5.12862119103e-08 p1: [ 249.30904819   89.31009388    1.83875215]
opt: [  1.14964882e+02  -8.59174640e+01   2.19181259e-02] sse: 5.12865395333e-08 p1: [  1.13006479e+02  -7.86605708e+01  -4.31038816e-02]

best final fit:
[25.413630796326611, array([ 168.73533761,   70.3206905 ,   20.860838  ]), array([ 40.86736937, -19.5151161 ,   1.73849275])]
sse: 1.99132878078e-08
intensity:
[ 0.97037282  0.97023757  0.97005897  0.96983898  0.96957857  0.96927886
  0.96894118  0.96856701  0.96815806  0.96771621  0.96724353  0.9667423
  0.96621498  0.96566424  0.96509294  0.96450412  0.96390103  0.96328708
  0.96266493  0.9620367   0.96140602  0.96077872  0.96015935  0.95955207
  /Library/Frameworks/Python.framework/Versions/6.2/lib/python2.6/site-packages/scipy/optimize/minpack.py:316: RuntimeWarning: Number of calls to function has reached maxfev = 1600.
  warnings.warn(errors[info][0], RuntimeWarning)
0.95896109  0.95839061  0.95784479  0.95732771  0.95684329  0.95639532
  0.95598733  0.95562262  0.95530417  0.95503462  0.95481621  0.9546508
  0.9545398   0.95448415  0.95448433  0.95454034  0.9546517   0.95481746
  0.95503621  0.95530609  0.95562485  0.95598986  0.95639811  0.95684634
  0.95733097  0.95784826  0.95839425  0.95896488  0.95955597  0.96016335
  0.96078279  0.96141012  0.96204124  0.96267212  0.96329886  0.9639177
  0.96452504  0.96511744  0.96569164  0.9662446   0.96677343  0.96727547
  0.96774824  0.96818947  0.9685971   0.96896923  0.9693042   0.9696005
  0.96985685  0.97007214  0.97024544  0.97037602  0.97046333  0.97050701
  0.97050687  0.97046268]

lightcurve:
[ 0.97037118  0.97023646  0.97005904  0.96983975  0.96957962  0.9692799
  0.96894197  0.96856745  0.96815811  0.9677159   0.96724297  0.9667416
  0.96621429  0.96566368  0.96509259  0.964504    0.96390106  0.96328708
  0.9626655   0.96203994  0.96141411  0.96079187  0.96017715  0.95957399
  0.95898645  0.95841862  0.95787456  0.9573583   0.95687374  0.95642469
  0.95601472  0.9556472   0.95532521  0.95505153  0.95482856  0.95465829
  0.9545423   0.95448171  0.95447714  0.95452875  0.95463617  0.95479856
  0.95501459  0.95528247  0.95559997  0.95596445  0.9563729   0.95682199
  0.9573081   0.9578274   0.95837585  0.95894928  0.95954344  0.96015404
  0.96077678  0.9614074   0.96204173  0.96267569  0.96330532  0.96392684
  0.96453661  0.96513118  0.96570728  0.96626185  0.96679202  0.96729511
  0.96776864  0.96821033  0.96861811  0.96899008  0.96932454  0.96961999
  0.96987512  0.97008882  0.97026015  0.97038838  0.97047297  0.97051359
  0.9705101   0.97046254]

best fits:
opt: [22.467349526744513, [168.98247607011305, 67.619323277463764, 20.785880390676528], [39.210165354465907, -2.9858782461852513, 1.7741836697529794]] sse: 2.14694285196e-09 p0: [19.679370325425104, [168.73533768131003, 64.58644644639331, 20.860834354979435], [40.870597082719662, -15.053135231631414, 1.9649127854632371]]


tparams: [15.049224928987773, [142.37438922249709, 76.440960296880462, 12.401385380273531], [173.86054234359798, 45.25158594052283, 18.073106001589373]]
final param sets:
params:  [22.467349526744513, [168.98247607011305, 67.619323277463764, 20.785880390676528], [39.210165354465907, -2.9858782461852513, 1.7741836697529794]]
pdists:  [0.16484721328348312, 0.51089073488217995, 1.3093129934673846]
