/Library/Frameworks/Python.framework/Versions/6.2/lib/python2.6/site-packages/scipy/optimize/minpack.py:316: RuntimeWarning: Number of calls to function has reached maxfev = 20.
  warnings.warn(errors[info][0], RuntimeWarning)
/Library/Frameworks/Python.framework/Versions/6.2/lib/python2.6/site-packages/scipy/optimize/minpack.py:316: RuntimeWarning: Number of calls to function has reached maxfev = 800.
  warnings.warn(errors[info][0], RuntimeWarning)
['lcmultifit.py', '2']
tparams: [39.095655846187512, [201.39592078404573, 15.959538180262484, 13.489928168538892], [124.45719816402311, 81.760509454888961, 10.594690078552347]]

first spot
lightcurve:
[ 0.99202162  0.99194035  0.99185485  0.99176559  0.99167307  0.99157781
  0.99148035  0.99138126  0.99128113  0.99118056  0.99108019  0.99098065
  0.99088257  0.9907866   0.99069337  0.99059924  0.99048246  0.9903239
  0.99010758  0.98981987  0.98944991  0.98899007  0.98843667  0.98779122
  0.98706183  0.9862671   0.98545077  0.98464143  0.98384114  0.98305211
  0.98227712  0.98151959  0.98078365  0.98007417  0.97939669  0.97875736
  0.97816278  0.97761982  0.97713542  0.97671638  0.97636905  0.97609915
  0.97591151  0.9758099   0.97579684  0.97587346  0.9760395   0.97629325
  0.9766316   0.97705018  0.97754344  0.97810492  0.9787274   0.97940321
  0.98012443  0.98088317  0.98167177  0.98248304  0.9833104   0.984148
  0.98499081  0.9858346   0.98667594  0.98751212  0.988341    0.98915407
  0.989905    0.99056444  0.99112001  0.99156746  0.99190837  0.99214905
  0.99229935  0.99237221  0.99238319  0.99235024  0.99229631  0.99223594
  0.99216981  0.99209824]

best fits:
opt: [  82.59426331  193.28812618   79.89298831   29.23031508] sse: 8.28292825257e-05 p1: [  84.80912408  193.27585211   80.15707173   30.7802097 ]
opt: [  10.10700636  193.28812696    7.4057144    29.23032971] sse: 8.28292825266e-05 p1: [   9.84650247  193.20884197    5.84427185   30.30679107]
opt: [ 88.1274923   13.39460232  99.56283834  33.37744004] sse: 8.39146308805e-05 p1: [  66.95015801    8.78704556  103.21937437   19.75729101]
opt: [  90.21200683  193.27501201  -80.49545508   34.6431459 ] sse: 8.4385974595e-05 p1: [  91.17066623  194.28258871  -80.59918744   33.84827334]
opt: [  88.305663    372.5094311    99.555995     33.51469573] sse: 8.44712577509e-05 p1: [  70.35855779  379.76242213  102.77652135   21.4109095 ]
opt: [ -8.34966881  13.330122   -18.20080655  49.82911319] sse: 9.55085257662e-05 p1: [-10.08203045  16.10741254  -1.75133331  35.97052228]
opt: [ -8.34546424  13.33531164 -18.31633551  49.92643406] sse: 9.557761531e-05 p1: [-11.85126573   9.8860891   27.24723701  18.46432202]
opt: [ -8.33983754  13.32387126 -18.50610119  50.08779703] sse: 9.56720217478e-05 p1: [ -7.87367076  39.90358308  61.51400385  12.15707355]
opt: [  -8.35031371  372.30937687  -18.68155205   50.23209597] sse: 9.61576715426e-05 p1: [ -16.12182599  368.59991125   52.03499764   13.49575405]
opt: [  -8.32930863  372.2969441   -19.3484803    50.79777851] sse: 9.65365264051e-05 p1: [ -11.6888748   370.81689483   21.28108663   20.9244215 ]
opt: [  35.37844678  193.13377156   54.62157414   14.62031193] sse: 0.000100296673831 p1: [  41.84183715  193.08845978   60.55061838   14.79509152]

inc: 82.594263305 spot # 2
residual lightcurve:
[ 0.99873143  0.99856382  0.99842726  0.9983221   0.99824879  0.99820791
  0.99820011  0.99822614  0.99828682  0.99838301  0.99851557  0.99868533
  0.99889304  0.99913935  0.99942473  0.99974515  1.00007823  1.0004039
  1.00070493  1.00096602  1.0011743   1.00131965  1.00139549  1.00140001
  1.00133753  1.00122246  1.00109395  1.00097564  1.00086433  1.0007567
  1.00064981  1.00054123  1.00042921  1.00031275  1.00019169  1.00006663
  0.99993899  0.9998108   0.99968467  0.99956356  0.99945064  0.99934907
  0.99926187  0.99919167  0.99914067  0.99911041  0.9991018   0.99911504
  0.99914964  0.99920446  0.99927784  0.9993677   0.99947171  0.99958743
  0.99971247  0.99984467  0.99998227  1.00012394  1.00026895  1.00041715
  1.000569    1.00072553  1.00088823  1.00105892  1.00123963  1.00142558
  1.00157375  1.00165762  1.00166727  1.00160043  1.00146029  1.00125441
  1.00099352  1.00069118  1.00036332  1.000028    0.9997082   0.99941832
  0.99915883  0.99892983]

best fits:
opt: [ 25.13595383 -71.00596443   7.91008058] sse: 5.83010627937e-05 p1: [ 16.23399528 -70.65150411   7.7021864 ]
opt: [ 367.57631581  -71.92125364    7.62459085] sse: 6.54149668518e-05 p1: [ 372.49744123  -79.8896176     9.97110806]
opt: [ 365.97184888  -59.51755918    4.75253079] sse: 6.87163586277e-05 p1: [ 362.58146803   -4.11331695    2.47556156]
opt: [ 365.58708052  -50.30085297    3.93759521] sse: 7.00054031505e-05 p1: [ 363.64465777   62.68863687    2.46817667]
opt: [ 206.31182132  -95.28373688   12.59653221] sse: 7.42694250254e-05 p1: [ 200.51088113  -95.00790665   11.65841561]
opt: [ 205.59909494  -73.85975643    6.51368613] sse: 7.67068847787e-05 p1: [ 202.24697158  -70.87372238    5.34533847]

inc: 10.1070063628 spot # 2
residual lightcurve:
[ 0.99873143  0.99856382  0.99842726  0.9983221   0.99824879  0.99820791
  0.99820011  0.99822614  0.99828682  0.99838301  0.99851557  0.99868533
  0.99889304  0.99913935  0.99942473  0.99974515  1.00007823  1.0004039
  1.00070492  1.00096602  1.0011743   1.00131965  1.00139549  1.00140001
  1.00133753  1.00122246  1.00109395  1.00097564  1.00086433  1.0007567
  1.00064981  1.00054123  1.0004292   1.00031275  1.00019168  1.00006663
  0.99993898  0.9998108   0.99968467  0.99956356  0.99945063  0.99934907
  0.99926186  0.99919167  0.99914066  0.9991104   0.9991018   0.99911504
  0.99914963  0.99920445  0.99927783  0.9993677   0.99947171  0.99958742
  0.99971246  0.99984467  0.99998226  1.00012394  1.00026894  1.00041714
  1.000569    1.00072553  1.00088823  1.00105892  1.00123963  1.00142558
  1.00157374  1.00165762  1.00166727  1.00160043  1.00146029  1.00125441
  1.00099352  1.00069118  1.00036332  1.000028    0.9997082   0.99941832
  0.99915883  0.99892983]

best fits:
opt: [ 25.17821051 -48.76660345  49.11661748] sse: 5.97881479525e-05 p1: [ 24.87583345 -24.12397652  26.03087555]
opt: [ 25.1341727  -47.05617167  47.50753275] sse: 5.98283189347e-05 p1: [ 24.15601773 -31.01998155  32.43926387]
opt: [ 25.10447495 -43.98015575  44.6127921 ] sse: 5.99254503384e-05 p1: [ 28.4141937   -6.82915032  10.85106261]
opt: [ 25.41285759 -42.26218849  42.99548861] sse: 5.99931351793e-05 p1: [ 76.07784394  22.37291924   1.45131268]
opt: [ 25.4236447  -40.79382284  41.61411952] sse: 6.00584704442e-05 p1: [ 23.66940788   0.85262069   3.93249221]
opt: [ 25.08033118 -40.26882684  41.12112821] sse: 6.00836003018e-05 p1: [ 27.83205922  -5.84886094   4.63316911]
opt: [ 25.58223798 -31.61009389  32.99842473] sse: 6.0632893831e-05 p1: [ 4.02150071  5.63449597  2.94449577]
opt: [ 25.10995573 -29.69334184  31.21030148] sse: 6.07920781141e-05 p1: [ 51.96846011  56.20353458   0.62879547]
opt: [ 25.31203717 -28.93547011  30.5002345 ] sse: 6.08593367663e-05 p1: [ 35.13207788  66.60824607   0.58381752]
opt: [ 25.49222869 -28.52878964  30.1209094 ] sse: 6.08975182573e-05 p1: [ 101.53218765   65.14264797    0.67227986]
opt: [ 365.15558393  -10.89897107   13.52333902] sse: 6.98953372779e-05 p1: [ 364.45015222   -3.44496628    8.07800441]
opt: [ 205.75213095  -53.97452529   52.11359737] sse: 7.63919224513e-05 p1: [ 206.33041312  -15.04062522   15.51268695]
opt: [ 205.74428909  -54.1735067    52.3022491 ] sse: 7.63919412317e-05 p1: [ 207.33442386  -19.96548726   19.99796183]
opt: [ 205.74342317  -53.66316768   51.81817599] sse: 7.63919694786e-05 p1: [ 198.67622046   -4.34038611    4.47504043]
opt: [ 205.78826349  -48.7120862    47.11774321] sse: 7.64043114783e-05 p1: [ 205.21844169   -4.79931124    5.44593429]
opt: [ 360.16436526   11.62672857    1.9346481 ] sse: 8.20778079469e-05 p1: [ 360.22469524   13.56921998    1.89750463]
opt: [ 360.01867454   62.6358601     0.7322803 ] sse: 8.26705730512e-05 p1: [ 299.900243     63.58927201    0.73592545]
opt: [ 360.00818626   57.9623217     0.58053638] sse: 8.26757322943e-05 p1: [ 314.63690042   58.01997539    0.57950712]
opt: [ 360.00849489   71.93678583    0.56553094] sse: 8.27041465609e-05 p1: [ 316.99431566   72.66592818    0.56528367]
opt: [  3.60002572e+02   4.71822632e+01   3.52061840e-01] sse: 8.27583565044e-05 p1: [ 313.58470016   46.53383126    0.34833506]
opt: [ 252.   -36.    17.5] sse: 8.28292825266e-05 p1: [ 252.   -36.    17.5]
opt: [ 324.   -72.    11.5] sse: 8.28292825266e-05 p1: [ 324.   -72.    11.5]
opt: [ 180.   -72.    20.5] sse: 8.28292825266e-05 p1: [ 180.   -72.    20.5]
opt: [ 36.  -36.   11.5] sse: 8.28292825266e-05 p1: [ 36.  -36.   11.5]
opt: [ 252.   -36.    11.5] sse: 8.28292825266e-05 p1: [ 252.   -36.    11.5]
opt: [ 180.   -72.    11.5] sse: 8.28292825266e-05 p1: [ 180.   -72.    11.5]
opt: [ 36.  -72.   17.5] sse: 8.28292825266e-05 p1: [ 36.  -72.   17.5]
opt: [ 108.   -36.    11.5] sse: 8.28292825266e-05 p1: [ 108.   -36.    11.5]
opt: [ 36.  -72.   11.5] sse: 8.28292825266e-05 p1: [ 36.  -72.   11.5]
opt: [ 180.   -72.    17.5] sse: 8.28292825266e-05 p1: [ 180.   -72.    17.5]

inc: 88.1274922979 spot # 2
residual lightcurve:
[ 0.99877284  0.99860403  0.99846641  0.99836034  0.99828628  0.9982448
  0.99823654  0.99826224  0.99832269  0.99841872  0.99855117  0.99872081
  0.99892837  0.99917442  0.99945937  0.99977913  1.00011125  1.00043561
  1.00073493  1.00099388  1.00119955  1.00134185  1.00141421  1.00141484
  1.00134811  1.00122849  1.00109517  1.00097187  1.00085545  1.00074268
  1.0006307   1.00051718  1.00040044  1.0002796   1.00015453  1.00002595
  0.9998953   0.99976469  0.99963674  0.99951445  0.99940098  0.9992995
  0.99921302  0.99914418  0.99909513  0.99906742  0.99906192  0.9990788
  0.99911754  0.99917696  0.99925535  0.99935059  0.99946025  0.99958183
  0.99971286  0.9998511   0.99999467  1.00014218  1.0002928   1.00044631
  1.00060311  1.00076415  1.00093087  1.00110507  1.00128874  1.00147709
  1.00162706  1.00171218  1.0017225   1.00165581  1.00151536  1.00130876
  1.00104683  1.0007432   1.00041386  1.00007698  0.99975557  0.99946409
  0.99920305  0.99897258]

best fits:
opt: [ 26.21073588  -9.13138875   2.90940637] sse: 6.86424175239e-05 p1: [ 37.8704608  -36.56161015   2.90194117]
opt: [ 26.21498116  -9.03172164   2.90865612] sse: 6.86424237115e-05 p1: [ 52.54686877  84.20103257   4.44750712]
opt: [ 26.1170714  -71.77559215   5.74856856] sse: 6.88863342563e-05 p1: [ 26.14734034 -69.17320521   5.35675018]
opt: [ 364.65004118   -8.55796286    2.55915447] sse: 7.47639793161e-05 p1: [ 359.65572678   70.27963849    1.75566824]
opt: [ 364.56074917  -73.79917019    5.41132287] sse: 7.48710869266e-05 p1: [ 370.33860378  -82.72408476    5.89166327]
opt: [ 363.08101125   63.56092248    3.59088818] sse: 7.75974242844e-05 p1: [ 351.81912103   85.54434291    4.46780918]
opt: [ 362.87302188   69.14553569    3.88162065] sse: 7.80608424683e-05 p1: [ 354.38996045   83.69874916    5.45072916]
opt: [ 203.59879541  -74.46660956    4.59098099] sse: 7.95669288297e-05 p1: [ 200.01352999  -76.1269612     4.80691703]
opt: [ 203.35690595  -11.31552268    2.12304637] sse: 7.96753036427e-05 p1: [ 200.38363217   27.19905709    1.86711613]
opt: [ 203.35688053  -11.44791584    2.12410099] sse: 7.96753064238e-05 p1: [ 199.24430179  -44.38658651    2.24967028]
opt: [ 203.64212255   20.84103401    2.13143351] sse: 7.98898015204e-05 p1: [ 365.40026193   85.44284874    5.77575655]

inc: 90.2120068297 spot # 2
residual lightcurve:
[ 0.99871672  0.99854842  0.99841149  0.99830629  0.99823326  0.99819298
  0.99818611  0.99821337  0.99827559  0.99837358  0.9985082   0.99868023
  0.99889038  0.99913925  0.99942723  0.99975023  1.00008578  1.00041374
  1.00071679  1.00097958  1.00118918  1.00133542  1.00141171  1.00141622
  1.00135329  1.00123737  1.00110762  1.00098773  1.00087453  1.00076478
  1.00065557  1.00054454  1.00043001  1.00031104  1.00018752  1.00006013
  0.99993031  0.99980016  0.9996723   0.99954972  0.9994356   0.99933312
  0.99924528  0.99917476  0.99912371  0.99909371  0.99908566  0.99909975
  0.99913548  0.99919171  0.99926677  0.99935854  0.99946464  0.99958259
  0.99970994  0.9998445   0.99998441  1.00012829  1.00027535  1.00042538
  1.00057879  1.00073656  1.00090013  1.00107132  1.0012521   1.0014377
  1.00158507  1.00166776  1.00167585  1.00160714  1.0014649   1.00125673
  1.00099346  1.00068874  1.00035854  1.00002101  0.99969917  0.99940747
  0.99914641  0.99891611]

best fits:
opt: [ 25.74607494   0.97018529   2.95866504] sse: 6.71882782149e-05 p1: [ 14.49237847  20.3357057    2.69562019]
opt: [ 25.76316301   0.04494016   2.95828326] sse: 6.71890024628e-05 p1: [  7.55060956  70.88669851   4.34088867]
opt: [ 365.01707958    0.83896942    2.65154347] sse: 7.33533240722e-05 p1: [ 372.02039519  -39.15333736    2.87559035]
opt: [ 364.25416806   60.33177674    3.89095183] sse: 7.49228234507e-05 p1: [ 361.48525907   73.71006726    4.00283545]
opt: [ 363.97186994   72.67977677    4.94552081] sse: 7.54426260378e-05 p1: [ 365.73169433   84.22894541    7.0059566 ]
opt: [ 364.09745017  -68.3034953     4.37534825] sse: 7.54993445176e-05 p1: [ 367.52083465  -84.05519       6.36535516]
opt: [ 364.07993358  -69.70503622    4.50599248] sse: 7.55752686207e-05 p1: [ -0.90231883 -87.24755011   6.95811516]
opt: [ 363.68696017  -73.06666363    4.86348548] sse: 7.59461296011e-05 p1: [ 364.02724421  -84.70614369    7.13907367]
opt: [ 203.96027368    1.1788879     2.03222065] sse: 8.05578872251e-05 p1: [ 217.48754494  -78.31223532    1.58246922]
opt: [ 203.9613534     1.29147625    2.03198221] sse: 8.05578891624e-05 p1: [ 205.88466215  -21.98307131    2.22306034]
opt: [ 203.96067996    0.99132618    2.0321037 ] sse: 8.05578953878e-05 p1: [ 190.01473003  -33.50256524    2.80221894]
opt: [  2.03973012e+02  -4.68850639e-02   2.03176165e+00] sse: 8.05581965409e-05 p1: [ 207.82918854  -70.45087531    3.47866644]
opt: [ 207.71072265  -92.76748089    6.31252036] sse: 8.20124925429e-05 p1: [ 245.88021598  -90.81472       6.39245596]
opt: [  2.46212581e+02  -2.87581201e+00   6.97724056e-03] sse: 8.43859873033e-05 p1: [  2.46212581e+02  -2.87581201e+00   6.97724056e-03]

inc: 88.3056630033 spot # 2
residual lightcurve:
[ 0.99874889  0.998587    0.9984563   0.99835716  0.99829006  0.99825558
  0.99825437  0.99828718  0.99835481  0.99845809  0.99859784  0.99877484
  0.99898978  0.99924321  0.9995355   0.99986251  1.00020174  1.000533
  1.00083893  1.00110414  1.00131563  1.00146323  1.00154028  1.00154491
  1.0014814   1.00136414  1.00123225  1.00110938  1.00099232  1.00087782
  1.00076297  1.00064542  1.00052351  1.00039633  1.00026383  1.00012674
  0.99998658  0.99984554  0.99970634  0.99957208  0.99944605  0.99933156
  0.99923174  0.99914939  0.99908681  0.9990457   0.99902706  0.99903123
  0.99905779  0.99910571  0.99917339  0.99925878  0.99935956  0.99947329
  0.99959753  0.9997301   0.99986913  1.00001322  1.00016153  1.00031381
  1.00047041  1.00063224  1.00080067  1.00097743  1.00116442  1.00135678
  1.00151137  1.00160163  1.00161755  1.00155682  1.00142265  1.00122256
  1.00096733  1.00067053  1.00034811  1.00001819  0.99970376  0.99941926
  0.9991652   0.99894169]

best fits:
opt: [ 24.10671506  -8.22629244   2.86955939] sse: 6.9880169176e-05 p1: [ 20.19252729 -34.60593138   3.32965617]
opt: [ 23.98942152 -71.4501005    5.57534261] sse: 7.03428536877e-05 p1: [ 20.12200839 -85.23158415   7.71601622]
opt: [ 364.11374942  -73.91252043    5.42261718] sse: 7.52572832425e-05 p1: [ 368.37451763  -83.71941145    7.19016609]
opt: [ 364.00908422  -74.88458327    5.60173238] sse: 7.53227790221e-05 p1: [ 363.97009955  -84.32123733    8.03134245]
opt: [ 362.91524957   61.41831182    3.5584833 ] sse: 7.74624563304e-05 p1: [ 362.65577148   80.93319438    4.68367082]
opt: [ 207.33133534  -73.65810658    4.53014267] sse: 7.9757601669e-05 p1: [ 206.49738406  -80.53922418    5.72526603]
opt: [ 207.19921534  -10.00946223    2.17076483] sse: 7.97623390304e-05 p1: [ 191.56710785   66.03671989    1.54305727]
opt: [ 207.20253822  -10.13128511    2.17156181] sse: 7.97623425512e-05 p1: [ 207.50869907   54.22868412    2.68619931]
opt: [ 196.74626165   90.82901724    3.73105007] sse: 8.42351403275e-05 p1: [ 211.45121084   93.05581576    4.26787675]

inc: -8.34966880999 spot # 2
residual lightcurve:
[ 0.99889984  0.99872886  0.99859013  0.99848405  0.9984111   0.99837182
  0.99836682  0.99839676  0.99846236  0.99856431  0.99870327  0.99887987
  0.99909458  0.99934775  0.99963951  0.99996547  1.00030287  1.00063125
  1.00093301  1.00119248  1.00139644  1.00153449  1.00159982  1.00159043
  1.00151056  1.00137463  1.00122188  1.00107616  1.00093456  1.00079416
  1.00065252  1.00050779  1.00035885  1.00020542  1.00004805  0.99988811
  0.99972773  0.99956967  0.99941718  0.99927381  0.99914322  0.999029
  0.99893442  0.99886233  0.99881493  0.99879373  0.99879942  0.99883189
  0.99889023  0.99897278  0.99907729  0.999201    0.99934086  0.99949368
  0.99965633  0.99982594  1.          1.00017658  1.00035437  1.00053274
  1.00071176  1.00089216  1.00107525  1.00126278  1.00145678  1.00165258
  1.00180732  1.00189477  1.00190528  1.00183694  1.00169332  1.00148235
  1.00121518  1.00090574  1.00057032  1.00022733  0.99990003  0.99960311
  0.99933725  0.99910273]

best fits:
opt: [ 205.3115874   -37.97261423   39.43526437] sse: 8.23010919835e-05 p1: [ 202.52324362  -29.43248895   31.53029791]
opt: [ 205.1984644   -26.68321664   28.70793212] sse: 8.30666576478e-05 p1: [ 204.13179711  -10.27124677   13.51124138]
opt: [ 205.89325721  -18.80136701   21.28650871] sse: 8.38827453611e-05 p1: [ 209.60710479   -2.11317887    1.25920133]
opt: [ 22.55571498 -27.79166693  29.76753561] sse: 8.54596906995e-05 p1: [ 25.18487532 -18.2356887   20.66806047]
opt: [ 22.18201724 -16.54264351  19.22332994] sse: 8.61866308422e-05 p1: [ 29.59224902  -2.9642149    7.35118517]
opt: [ 23.01616701 -13.10508304  16.07485969] sse: 8.65435241811e-05 p1: [ 32.354546     1.72337832   2.34022986]
opt: [ 362.13073712   -5.19261017    8.63134218] sse: 9.05562799902e-05 p1: [ 362.60452601   -2.92448996    7.21738306]
opt: [  3.60537496e+02  -1.44108551e-01   3.30546691e+00] sse: 9.34870310384e-05 p1: [ 359.25989935    2.85321275    2.24730045]
opt: [ 300.24977216    8.82140643    1.24863364] sse: 9.54866295847e-05 p1: [  3.60651065e+02  -3.33277793e-01  -3.97761812e-01]
opt: [ 300.46723549    8.83591439    1.24908212] sse: 9.54868294538e-05 p1: [ 284.68904363    9.03275133    1.20193492]
opt: [  3.59998439e+02   5.63259264e+00   1.46619510e-01] sse: 9.55064122682e-05 p1: [  2.64751478e+02   2.30282960e+01   1.37209073e-01]
opt: [  3.11200836e+02   8.17917998e+00   5.24134469e-02] sse: 9.5508388284e-05 p1: [  1.50652536e+02   5.62801126e+01   5.67787388e-02]
opt: [  1.93844797e+01   3.25654676e+00   8.75608472e-04] sse: 9.5508525562e-05 p1: [  8.13356208e+01   4.00416907e+00  -1.64037525e-02]
opt: [ 289.24476416  -32.85915284    1.78040248] sse: 9.55085257662e-05 p1: [ 289.24476416  -32.85915284    1.78040248]
opt: [ 108.   -36.    11.5] sse: 9.55085257662e-05 p1: [ 108.   -36.    11.5]
opt: [ 36.  -72.   20.5] sse: 9.55085257662e-05 p1: [ 36.  -72.   20.5]
opt: [ 108.   -36.    17.5] sse: 9.55085257662e-05 p1: [ 108.   -36.    17.5]
opt: [ 328.51943268  -63.38792861    3.28484475] sse: 9.55085257662e-05 p1: [ 328.51943268  -63.38792861    3.28484475]
opt: [ 108.   -72.    14.5] sse: 9.55085257662e-05 p1: [ 108.   -72.    14.5]
opt: [ 252.   -72.    14.5] sse: 9.55085257662e-05 p1: [ 252.   -72.    14.5]
opt: [ 180.   -72.    20.5] sse: 9.55085257662e-05 p1: [ 180.   -72.    20.5]
opt: [ 252.   -72.    11.5] sse: 9.55085257662e-05 p1: [ 252.   -72.    11.5]
opt: [ 252.   -36.    17.5] sse: 9.55085257662e-05 p1: [ 252.   -36.    17.5]
opt: [ 36.  -36.   17.5] sse: 9.55085257662e-05 p1: [ 36.  -36.   17.5]
opt: [ 333.24384059  -35.12452047    2.08934789] sse: 9.55085257662e-05 p1: [ 333.24384059  -35.12452047    2.08934789]
opt: [ 36.  -72.   11.5] sse: 9.55085257662e-05 p1: [ 36.  -72.   11.5]
opt: [ 36.  -36.   11.5] sse: 9.55085257662e-05 p1: [ 36.  -36.   11.5]
opt: [ 252.   -72.    23.5] sse: 9.55085257662e-05 p1: [ 252.   -72.    23.5]
opt: [  3.40297862e+02   7.85247406e+01  -1.08061740e-03] sse: 9.55085262147e-05 p1: [  2.45430537e+02   7.56658704e+01  -2.12163873e-02]
opt: [  1.90733068e+00   5.14519343e+01   3.29906470e-02] sse: 9.5508795902e-05 p1: [  8.13723782e+00   5.15407740e+01   3.30072673e-02]

inc: -8.34546424459 spot # 2
residual lightcurve:
[ 0.99889932  0.99872827  0.99858949  0.99848337  0.99841038  0.99837107
  0.99836605  0.99839598  0.99846157  0.99856351  0.99870248  0.99887908
  0.9990938   0.99934698  0.99963876  0.99996473  1.00030214  1.00063053
  1.00093228  1.00119175  1.00139569  1.00153372  1.00159901  1.00158957
  1.00150965  1.00137365  1.00122083  1.00107502  1.00093332  1.00079282
  1.00065107  1.00050623  1.00035718  1.00020364  1.00004617  0.99988614
  0.99972568  0.99956755  0.99941501  0.99927161  0.99914102  0.99902681
  0.99893227  0.99886024  0.99881293  0.99879183  0.99879765  0.99883027
  0.99888877  0.9989715   0.99907619  0.99920009  0.99934015  0.99949316
  0.99965599  0.99982577  1.          1.00017673  1.00035465  1.00053313
  1.00071224  1.00089271  1.00107586  1.00126341  1.00145742  1.00165321
  1.00180793  1.00189533  1.00190578  1.00183737  1.00169367  1.00148262
  1.00121535  1.00090582  1.0005703   1.00022721  0.99989983  0.99960282
  0.99933687  0.99910228]

best fits:
opt: [ 204.90372364  -33.79904202   35.46629082] sse: 8.26045119676e-05 p1: [ 202.43589711  -29.40113389   31.49551452]
opt: [ 204.83653395  -27.09131426   29.09862884] sse: 8.30947913134e-05 p1: [ 204.13843243  -10.22957846   13.47670292]
opt: [ 204.74686061  -20.2276894    22.62845696] sse: 8.3773693543e-05 p1: [ 206.52941464   -1.52087137    1.24510212]
opt: [ 22.87759383 -28.92047008  30.84536002] sse: 8.54428507308e-05 p1: [ 24.52992703 -18.76104596  21.10055339]
opt: [ 22.58768363 -18.60588141  21.14892704] sse: 8.60501163207e-05 p1: [ 28.9690374   -3.00936412   7.30249221]
opt: [ 362.07378834   -5.08751483    8.59244526] sse: 9.06360984211e-05 p1: [ 362.61801478   -2.91570619    7.21898912]
opt: [ 301.09062456    8.82729389    1.26620381] sse: 9.55530412867e-05 p1: [ 285.48997816    9.19116723    1.19879748]
opt: [  3.59998127e+02   5.17459681e+00   1.93156536e-01] sse: 9.55731392727e-05 p1: [  2.67671268e+02   2.32604838e+01   1.78947638e-01]
opt: [ 108.   -36.    20.5] sse: 9.557761531e-05 p1: [ 108.   -36.    20.5]
opt: [ 108.   -36.    11.5] sse: 9.557761531e-05 p1: [ 108.   -36.    11.5]
opt: [ 351.19942526  -44.14519431    1.66364504] sse: 9.557761531e-05 p1: [ 351.19942526  -44.14519431    1.66364504]
opt: [ 36.  -72.   23.5] sse: 9.557761531e-05 p1: [ 36.  -72.   23.5]
opt: [ 36.  -72.   11.5] sse: 9.557761531e-05 p1: [ 36.  -72.   11.5]
opt: [ 230.40510773  -28.09883156   11.64868781] sse: 9.557761531e-05 p1: [ 230.40510773  -28.09883156   11.64868781]
opt: [ 36.  -36.   11.5] sse: 9.557761531e-05 p1: [ 36.  -36.   11.5]
opt: [ 180.   -72.    11.5] sse: 9.557761531e-05 p1: [ 180.   -72.    11.5]
opt: [ 252.   -36.    17.5] sse: 9.557761531e-05 p1: [ 252.   -36.    17.5]
opt: [ 324.   -72.    11.5] sse: 9.557761531e-05 p1: [ 324.   -72.    11.5]
opt: [ 252.   -36.    20.5] sse: 9.557761531e-05 p1: [ 252.   -36.    20.5]
opt: [ 324.   -72.    20.5] sse: 9.557761531e-05 p1: [ 324.   -72.    20.5]
opt: [ 246.7760799   -21.20239797    1.98777048] sse: 9.557761531e-05 p1: [ 246.7760799   -21.20239797    1.98777048]
opt: [ 36.  -72.   20.5] sse: 9.557761531e-05 p1: [ 36.  -72.   20.5]
opt: [ 36.  -72.   17.5] sse: 9.557761531e-05 p1: [ 36.  -72.   17.5]
opt: [ 108.   -72.    20.5] sse: 9.557761531e-05 p1: [ 108.   -72.    20.5]
opt: [ 180.   -72.    17.5] sse: 9.557761531e-05 p1: [ 180.   -72.    17.5]
opt: [ 256.55343104  -16.45107579    1.6320066 ] sse: 9.557761531e-05 p1: [ 256.55343104  -16.45107579    1.6320066 ]
opt: [ 252.   -72.    20.5] sse: 9.557761531e-05 p1: [ 252.   -72.    20.5]
opt: [ 252.   -72.    11.5] sse: 9.557761531e-05 p1: [ 252.   -72.    11.5]
opt: [  1.88971170e+02   6.06471856e+01   9.17353520e-05] sse: 9.55776153129e-05 p1: [  2.44343796e+02   7.60952471e+01  -2.07248930e-02]
opt: [  5.38536525e+00   5.14098610e+01   4.77856003e-02] sse: 9.55781664337e-05 p1: [  7.25573890e+00   5.14610854e+01   4.77926920e-02]

inc: -8.33983753596 spot # 2
residual lightcurve:
[ 0.99889828  0.99872728  0.99858856  0.99848252  0.99840963  0.99837045
  0.99836557  0.99839566  0.99846143  0.99856357  0.99870276  0.99887959
  0.99909455  0.99934798  0.99964001  0.99996625  1.00030391  1.00063256
  1.00093456  1.00119425  1.00139841  1.00153662  1.00160208  1.00159278
  1.00151295  1.00137703  1.00122423  1.00107842  1.00093668  1.0007961
  1.00065424  1.00050926  1.00036004  1.00020631  1.00004862  0.99988836
  0.99972765  0.99956928  0.9994165   0.99927286  0.99914204  0.99902762
  0.99893289  0.99886068  0.99881322  0.998792    0.99879772  0.99883027
  0.99888871  0.99897141  0.99907609  0.99919999  0.99934005  0.99949308
  0.99965595  0.99982575  1.          1.00017675  1.00035468  1.00053316
  1.00071227  1.00089272  1.00107583  1.00126334  1.00145729  1.00165301
  1.00180765  1.00189497  1.00190534  1.00183683  1.00169305  1.0014819
  1.00121455  1.00090494  1.00056936  1.00022622  0.99989879  0.99960175
  0.9993358   0.99910122]

best fits:
opt: [ 204.90496703  -33.69098945   35.36511393] sse: 8.27121809875e-05 p1: [ 202.3689318   -29.46132678   31.55282058]
opt: [ 205.50563525  -28.63132165   30.55793391] sse: 8.30677343783e-05 p1: [ 204.12571051  -10.27281861   13.51635313]
opt: [ 204.70473399  -19.6097492    22.05039966] sse: 8.39491688892e-05 p1: [ 213.66036053   -1.99554773    1.24023033]
opt: [ 22.81541419 -29.79966781  31.67620961] sse: 8.55212474482e-05 p1: [ 25.2660496  -18.21303421  20.65462739]
opt: [ 23.45939648 -25.47890871  27.59313409] sse: 8.57370020477e-05 p1: [ 27.22653802  -2.03248573   4.8816415 ]
opt: [ 23.05839103 -13.68636235  16.59626388] sse: 8.66275770146e-05 p1: [ 32.24215425   1.70088815   2.37135925]
opt: [ 23.03195462 -13.30858138  16.25784071] sse: 8.66719681542e-05 p1: [ 28.67069769  -3.04364548   7.31675076]
opt: [ 362.41030497   -8.02185644   10.96911927] sse: 9.02174766444e-05 p1: [ 357.86040451   -5.80777883   10.23675619]
opt: [ 362.14658363   -5.10161286    8.58679174] sse: 9.07354994672e-05 p1: [ 362.64825722   -2.91626076    7.21388748]
opt: [ 361.5073563    -1.47958488    5.09401185] sse: 9.20467784388e-05 p1: [ 343.21912033   -4.90569102    2.15076351]
opt: [  2.83279838e+02   8.35453378e+00   6.86142032e-02] sse: 9.56717676794e-05 p1: [  3.57342477e+02   5.89051839e+01   7.34913428e-02]
opt: [  2.98506168e+02   8.32520811e+00   2.26427900e-02] sse: 9.56719929759e-05 p1: [  2.53324668e+02   1.84908601e+01   2.14759941e-02]
opt: [ 230.18740681  -28.01005836   11.72020479] sse: 9.56720217479e-05 p1: [ 230.18740681  -28.01005836   11.72020479]
opt: [ 180.   -72.    17.5] sse: 9.56720217479e-05 p1: [ 180.   -72.    17.5]
opt: [ 324.   -36.    14.5] sse: 9.56720217479e-05 p1: [ 324.   -36.    14.5]
opt: [ 108.   -36.    11.5] sse: 9.56720217479e-05 p1: [ 108.   -36.    11.5]
opt: [ 252.   -72.    23.5] sse: 9.56720217479e-05 p1: [ 252.   -72.    23.5]
opt: [ 252.   -72.    11.5] sse: 9.56720217479e-05 p1: [ 252.   -72.    11.5]
opt: [ 108.   -72.    11.5] sse: 9.56720217479e-05 p1: [ 108.   -72.    11.5]
opt: [ 36.  -72.   11.5] sse: 9.56720217479e-05 p1: [ 36.  -72.   11.5]
opt: [ 36.  -72.   17.5] sse: 9.56720217479e-05 p1: [ 36.  -72.   17.5]
opt: [ 333.37355921  -55.61633759    2.97227833] sse: 9.56720217479e-05 p1: [ 333.37355921  -55.61633759    2.97227833]
opt: [ 17.75134231 -49.4951669   37.18206063] sse: 9.56720217479e-05 p1: [ 17.75134231 -49.4951669   37.18206063]
opt: [ 331.16190282  -33.51660684    2.05516404] sse: 9.56720217479e-05 p1: [ 331.16190282  -33.51660684    2.05516404]
opt: [ 108.   -72.    17.5] sse: 9.56720217479e-05 p1: [ 108.   -72.    17.5]
opt: [ 180.   -36.    17.5] sse: 9.56720217479e-05 p1: [ 180.   -36.    17.5]
opt: [ 36.  -36.   20.5] sse: 9.56720217479e-05 p1: [ 36.  -36.   20.5]
opt: [ 36.  -36.   11.5] sse: 9.56720217479e-05 p1: [ 36.  -36.   11.5]
opt: [  3.12443856e+02   4.87337565e+01  -7.98267049e-04] sse: 9.56720218903e-05 p1: [  2.43162382e+02   7.54143620e+01  -1.65627412e-02]
opt: [  1.07199208e+02   3.01577105e+01   2.37686248e-03] sse: 9.56720235131e-05 p1: [  1.03571485e+02   6.43585638e+01  -1.71540472e-02]

inc: -8.35031370997 spot # 2
residual lightcurve:
[ 0.99886004  0.99869717  0.99856661  0.99846877  0.99840413  0.99837325
  0.99837676  0.99841531  0.99848961  0.99860036  0.99874821  0.99893374
  0.99915742  0.99941954  0.99972017  1.00005488  1.00040081  1.00073744
  1.00104707  1.00131395  1.00152476  1.001669    1.00173976  1.00173497
  1.00165876  1.00152547  1.00137428  1.00122897  1.00108658  1.00094416
  1.00079924  1.00064997  1.00049524  1.0003348   1.00016924  0.99999999
  0.99982927  0.99965991  0.99949527  0.99933903  0.99919497  0.9990668
  0.99895795  0.99887139  0.99880949  0.99877388  0.99876541  0.9987841
  0.99882916  0.99889907  0.99899166  0.99910429  0.99923398  0.99937763
  0.99953215  0.99969471  0.99986286  1.00003465  1.00020878  1.0003846
  1.00056218  1.0007422   1.00092592  1.00111503  1.00131151  1.00151062
  1.00166943  1.00176162  1.00177748  1.00171501  1.00157772  1.00137346
  1.00111332  1.00081117  1.00048323  1.00014789  0.99982837  0.99953932
  0.9992814   0.99905488]

best fits:
opt: [ 203.83307506  -44.55519568   45.67794983] sse: 8.28395451129e-05 p1: [ 203.42650736  -40.95162498   41.03875649]
opt: [ 203.51155155  -35.68519587   37.22540782] sse: 8.32639793856e-05 p1: [ 203.5947524   -11.34031781   14.44869368]
opt: [ 203.24221704  -20.09698136   22.56717242] sse: 8.46011973508e-05 p1: [ 197.85229708   -7.35975919   10.80271481]
opt: [ 203.32641296  -19.8867919    22.35816306] sse: 8.46184607039e-05 p1: [ 188.76553028   -1.97747255    0.98833856]
opt: [ 25.92972361 -28.17637907  30.17812672] sse: 8.5558302208e-05 p1: [ 25.53929301 -19.77066291  22.29858064]
opt: [ 26.11491702 -17.22017385  20.03792753] sse: 8.63438595051e-05 p1: [ 16.40204114  -1.770316     6.35825943]
opt: [ 26.12447711 -17.08850037  19.91941778] sse: 8.63573700039e-05 p1: [ 57.74641832  -8.8503197    1.69194579]
opt: [ 362.15701689   -4.79481989    8.03940532] sse: 9.18855245314e-05 p1: [ 361.95984422   -2.51147638    6.9690152 ]
opt: [ 23.73320612   1.10837249   0.03313843] sse: 9.61572993043e-05 p1: [  3.98333309e+01   2.86303665e+01  -8.21114320e-03]
opt: [ 252.   -72.    20.5] sse: 9.61576715426e-05 p1: [ 252.   -72.    20.5]
opt: [ 180.   -72.    11.5] sse: 9.61576715426e-05 p1: [ 180.   -72.    11.5]
opt: [ 36.  -72.   17.5] sse: 9.61576715426e-05 p1: [ 36.  -72.   17.5]
opt: [ 324.   -36.    11.5] sse: 9.61576715426e-05 p1: [ 324.   -36.    11.5]
opt: [ 108.   -36.    14.5] sse: 9.61576715426e-05 p1: [ 108.   -36.    14.5]
opt: [ 18.76287867 -52.88448643   2.75846825] sse: 9.61576715426e-05 p1: [ 18.76287867 -52.88448643   2.75846825]
opt: [ 36.  -36.   11.5] sse: 9.61576715426e-05 p1: [ 36.  -36.   11.5]
opt: [ 252.   -36.    11.5] sse: 9.61576715426e-05 p1: [ 252.   -36.    11.5]
opt: [ 26.14857501 -50.50656527  37.95283686] sse: 9.61576715426e-05 p1: [ 26.14857501 -50.50656527  37.95283686]
opt: [ 36.  -72.   11.5] sse: 9.61576715426e-05 p1: [ 36.  -72.   11.5]
opt: [ 252.   -72.    14.5] sse: 9.61576715426e-05 p1: [ 252.   -72.    14.5]
opt: [ 252.   -72.    11.5] sse: 9.61576715426e-05 p1: [ 252.   -72.    11.5]
opt: [ 117.89921261  -37.90271168    1.02341696] sse: 9.61576715426e-05 p1: [ 117.89921261  -37.90271168    1.02341696]
opt: [ 252.   -36.    17.5] sse: 9.61576715426e-05 p1: [ 252.   -36.    17.5]
opt: [ 180.   -36.    17.5] sse: 9.61576715426e-05 p1: [ 180.   -36.    17.5]
opt: [  4.29851211e+01   2.27217658e+01   1.28293069e-02] sse: 9.615768411e-05 p1: [  8.57431606e+01   2.54610419e+01   1.31023801e-02]
opt: [  1.97081951e+02   4.62116058e+01   7.77932307e-03] sse: 9.6157684984e-05 p1: [  1.49200333e+02   5.25270024e+01   7.88935167e-03]
opt: [  3.59127487e+02   4.92655399e+01   7.79104594e-02] sse: 9.61592046709e-05 p1: [  3.45565063e+02   4.95272263e+01   7.80934486e-02]

inc: -8.3293086295 spot # 2
residual lightcurve:
[ 0.99885639  0.99869348  0.99856295  0.99846519  0.9984007   0.99837004
  0.99837381  0.99841269  0.99848738  0.99859856  0.99874689  0.99893295
  0.99915718  0.99941987  0.9997211   1.00005638  1.0004029   1.00074009
  1.00105023  1.00131758  1.0015288   1.00167337  1.0017444   1.00173977
  1.00166363  1.00153032  1.001379    1.00123345  1.00109073  1.0009479
  1.00080248  1.00065264  1.00049728  1.00033617  1.00016992  0.99999997
  0.99982855  0.99965854  0.99949328  0.99933648  0.99919194  0.99906338
  0.99895422  0.99886746  0.99880546  0.99876986  0.9987615   0.99878038
  0.99882572  0.99889597  0.99898896  0.99910203  0.9992322   0.99937632
  0.99953132  0.99969433  0.99986289  1.00003504  1.00020948  1.00038555
  1.0005633   1.00074341  1.00092716  1.00111622  1.00131257  1.00151149
  1.00167005  1.00176195  1.00177747  1.00171463  1.00157695  1.0013723
  1.00111175  1.00080922  1.00048092  1.00014525  0.99982543  0.99953612
  0.999278    0.99905133]

best fits:
opt: [ 203.49423892  -43.69189513   44.86958187] sse: 8.3229120009e-05 p1: [ 203.47582896  -41.00161662   41.09713495]
opt: [ 203.83749821  -36.08972287   37.62424268] sse: 8.36048422932e-05 p1: [ 203.58527582  -11.33836237   14.45628605]
opt: [ 203.21531733  -21.01535559   23.43789063] sse: 8.48616563187e-05 p1: [ 203.65247495   -3.30902084    6.69512349]
opt: [ 25.6929711  -28.06968965  30.09180582] sse: 8.59062543886e-05 p1: [ 25.79289784 -19.6707434   22.20195842]
opt: [ 26.05667192 -17.9902462   20.75481564] sse: 8.6618772115e-05 p1: [ 28.69199101  -0.88224637   3.58415544]
opt: [ 26.10807504 -17.48144915  20.29418537] sse: 8.66686679922e-05 p1: [ 57.98972075  -8.87986092   1.70196201]
opt: [ 362.41226598   -5.18286746    8.39080237] sse: 9.21204749535e-05 p1: [ 362.62690277   -3.1170436     7.455711  ]
opt: [ 36.  -72.   11.5] sse: 9.65365264051e-05 p1: [ 36.  -72.   11.5]
opt: [ 36.  -36.   17.5] sse: 9.65365264051e-05 p1: [ 36.  -36.   17.5]
opt: [ 108.   -36.    11.5] sse: 9.65365264051e-05 p1: [ 108.   -36.    11.5]
opt: [ 108.   -72.    17.5] sse: 9.65365264051e-05 p1: [ 108.   -72.    17.5]
opt: [ 108.   -72.    11.5] sse: 9.65365264051e-05 p1: [ 108.   -72.    11.5]
opt: [ 26.18690827 -50.50712104  37.99001667] sse: 9.65365264051e-05 p1: [ 26.18690827 -50.50712104  37.99001667]
opt: [ 36.  -72.   20.5] sse: 9.65365264051e-05 p1: [ 36.  -72.   20.5]
opt: [ 252.   -72.    23.5] sse: 9.65365264051e-05 p1: [ 252.   -72.    23.5]
opt: [ 252.   -36.    11.5] sse: 9.65365264051e-05 p1: [ 252.   -36.    11.5]
opt: [ 36.  -36.   11.5] sse: 9.65365264051e-05 p1: [ 36.  -36.   11.5]
opt: [ 60.93055611 -25.34258255   1.47735464] sse: 9.65365264051e-05 p1: [-2.82020164  3.35787191  0.74108092]
opt: [ 20.4054967  -52.92222614   2.79636768] sse: 9.65365264051e-05 p1: [ 20.4054967  -52.92222614   2.79636768]
opt: [ 252.   -72.    11.5] sse: 9.65365264051e-05 p1: [ 252.   -72.    11.5]
opt: [ 180.   -72.    17.5] sse: 9.65365264051e-05 p1: [ 180.   -72.    17.5]
opt: [ 180.   -72.    11.5] sse: 9.65365264051e-05 p1: [ 180.   -72.    11.5]
opt: [  3.23946315e+02  -4.21152862e+01   8.30610558e-03] sse: 9.65365264051e-05 p1: [  1.46490147e+02   5.34152408e+01   3.36763159e-02]
opt: [ 36.  -72.   17.5] sse: 9.65365264051e-05 p1: [ 36.  -72.   17.5]
opt: [ 324.   -72.    14.5] sse: 9.65365264051e-05 p1: [ 324.   -72.    14.5]
opt: [ 324.   -72.    11.5] sse: 9.65365264051e-05 p1: [ 324.   -72.    11.5]
opt: [  5.62786924e+01   6.42936264e+01   7.23604295e-04] sse: 9.65365265557e-05 p1: [  1.44304594e+02   3.95481371e+01  -3.98063323e-03]
opt: [  8.36137527e+01   3.09195937e+01   4.87496868e-03] sse: 9.6536529469e-05 p1: [  9.91605596e+01   3.58224245e+01   5.23198702e-03]
opt: [  7.87565388e+01   5.62676698e+01   3.14327086e-02] sse: 9.65367806755e-05 p1: [  1.46986011e+02   6.88020849e+01   3.29606217e-02]

inc: 35.3784467764 spot # 2
residual lightcurve:
[ 0.99865807  0.99847691  0.99833267  0.99822606  0.99815764  0.99812784
  0.99813691  0.99818499  0.99827204  0.99839793  0.99856238  0.99876502
  0.99900538  0.99928287  0.99959685  0.99994225  1.00029583  1.00063685
  1.00094761  1.00121258  1.00141884  1.00155647  1.00161929  1.00160599
  1.00152159  1.00138127  1.00122501  1.0010773   1.00093576  1.00079785
  1.00066133  1.00052437  1.0003857   1.0002447   1.00010142  0.99995661
  0.9998117   0.99966867  0.99953002  0.99939854  0.99927725  0.99916917
  0.99907719  0.99900392  0.99895151  0.99892161  0.99891522  0.99893271
  0.99897379  0.99903752  0.99912244  0.9992266   0.99934774  0.99948341
  0.99963109  0.99978838  0.99995313  1.00012352  1.00029818  1.00047626
  1.00065739  1.00084176  1.00102998  1.00122303  1.00142215  1.00162187
  1.00177863  1.00186553  1.00187245  1.00179717  1.00164314  1.00141837
  1.0011343   1.00080537  1.0004485   1.00008292  0.99973282  0.99941381
  0.99912756  0.99887528]

best fits:
opt: [ 23.54653553 -38.65341531  19.78440/Library/Frameworks/Python.framework/Versions/6.2/lib/python2.6/site-packages/scipy/optimize/minpack.py:316: RuntimeWarning: Number of calls to function has reached maxfev = 1600.
  warnings.warn(errors[info][0], RuntimeWarning)
565] sse: 6.52068745433e-05 p1: [ 22.25936244 -38.65433609  19.75386455]
opt: [ 369.9862394   -32.64650406   14.44465175] sse: 7.26449546654e-05 p1: [ 371.64476546  -24.34740962    7.46501415]
opt: [ 369.9739495   -47.74026915   26.93938409] sse: 7.27076337533e-05 p1: [ 373.32020661  -51.82040782   28.23241693]
opt: [ 369.68167165  -27.95044091   11.04692126] sse: 7.33114440046e-05 p1: [ 362.03930327   12.999739      1.91744895]
opt: [ 204.46385534  -95.72211318   56.92252161] sse: 8.71598410192e-05 p1: [ 203.85976609  -95.46802719   57.08042062]
opt: [ 205.33502455  -39.89844999   18.47394655] sse: 8.77889724455e-05 p1: [ 205.39537862  -37.76030998   16.63659826]
opt: [ 360.34807565    4.96040379    1.31453035] sse: 9.83538755586e-05 p1: [ 360.81792308   38.28820815    1.08068528]
opt: [ 103.88265539  -86.85803019   48.03235183] sse: 0.000100296673831 p1: [ 103.88265539  -86.85803019   48.03235183]
opt: [ 252.   -72.    14.5] sse: 0.000100296673831 p1: [ 252.   -72.    14.5]
opt: [ 180.   -72.    11.5] sse: 0.000100296673831 p1: [ 180.   -72.    11.5]
opt: [ 36.  -72.   11.5] sse: 0.000100296673831 p1: [ 36.  -72.   11.5]
opt: [ 252.   -72.    11.5] sse: 0.000100296673831 p1: [ 252.   -72.    11.5]
opt: [ 113.83726957  -45.02411189    4.82121945] sse: 0.000100296673831 p1: [ 113.83726957  -45.02411189    4.82121945]
opt: [ 180.   -72.    17.5] sse: 0.000100296673831 p1: [ 180.   -72.    17.5]
opt: [ 36.  -72.   20.5] sse: 0.000100296673831 p1: [ 36.  -72.   20.5]

best final fit:
[82.5942633050458, array([ 193.28812618,   79.89298831,   29.23031508]), array([ 25.13595383, -71.00596443,   7.91008058])]
sse: 5.83010627937e-05
intensity:
[ 0.9923047   0.99233428  0.99233931  0.99232018  0.99227715  0.99221033
  0.99211968  0.99200504  0.9918661   0.99170247  0.99151371  0.99129934
  0.99105892  0.99079205  0.99049845  0.99017636  0.98982301  0.9894361
  0.98901368  0.98855427  0.988057    0.98752182  0.9869497   0.98634278
  0.98570455  0.98504013  0.98435676  0.98366579  0.98297681  0.98229541
  0.98162731  0.98097836  0.98035444  0.97976142  0.97920501  0.97869073
  0.97822379  0.97780901  0.97745075  0.97715281  0.97691841  0.97675007
  0.97664965  0.97661823  0.97665617  0.97676305  0.97693769  0.9771782
  0.97748197  0.97784572  0.97826561  0.97873722  0.97925569  0.97981579
  0.98041197  0.98103849  0.9816895   0.9823591   0.98304145  0.98373086
  0.98442181  0.98510906  0.98578771  0.9864532   0.98710137  0.98772848
  0.98832816  0.98889058  0.98941024  0.98988396  0.99031023  0.99068888
  0.99102082  0.99130787  0.99155252  0.99175774  0.99192674  0.99206287
  0.9921697   0.99225004]

lightcurve:
[ 0.99202162  0.99194035  0.99185485  0.99176559  0.99167307  0.99157781
  0.99148035  0.99138126  0.99128113  0.99118056  0.99108019  0.99098065
  0.99088257  0.9907866   0.99069337  0.99059924  0.99048246  0.9903239
  0.99010758  0.98981987  0.98944991  0.98899007  0.98843667  0.98779122
  0.98706183  0.9862671   0.98545077  0.98464143  0.98384114  0.98305211
  0.98227712  0.98151959  0.98078365  0.98007417  0.97939669  0.97875736
  0.97816278  0.97761982  0.97713542  0.97671638  0.97636905  0.97609915
  0.97591151  0.9758099   0.97579684  0.97587346  0.9760395   0.97629325
  0.9766316   0.97705018  0.97754344  0.97810492  0.9787274   0.97940321
  0.98012443  0.98088317  0.98167177  0.98248304  0.9833104   0.984148
  0.98499081  0.9858346   0.98667594  0.98751212  0.988341    0.98915407
  0.989905    0.99056444  0.99112001  0.99156746  0.99190837  0.99214905
  0.99229935  0.99237221  0.99238319  0.99235024  0.99229631  0.99223594
  0.99216981  0.99209824]

best fits:
opt: [74.063675337108592, [124.72577450135857, -88.275892708800086, 43.015260168661868], [201.37825665371292, 50.963248457149994, 13.49338228353797]] sse: 1.61780813463e-11 p0: [90.212006829666521, [193.27501201135865, -80.495455080336953, 34.643145900574325], [203.97301175611742, -0.046885063911730529, 2.0317616460624262]]


tparams: [39.095655846187512, [201.39592078404573, 15.959538180262484, 13.489928168538892], [124.45719816402311, 81.760509454888961, 10.594690078552347]]
final param sets:
params:  [74.063675337108592, [124.72577450135857, -88.275892708800086, 43.015260168661868], [201.37825665371292, 50.963248457149994, 13.49338228353797]]
pdists:  [0.77706709979824617, 2.0902883809390578, 0.57197070386721038]
