/Library/Frameworks/Python.framework/Versions/6.2/lib/python2.6/site-packages/scipy/optimize/minpack.py:316: RuntimeWarning: Number of calls to function has reached maxfev = 20.
  warnings.warn(errors[info][0], RuntimeWarning)
/Library/Frameworks/Python.framework/Versions/6.2/lib/python2.6/site-packages/scipy/optimize/minpack.py:316: RuntimeWarning: Number of calls to function has reached maxfev = 1000.
  warnings.warn(errors[info][0], RuntimeWarning)
['lcmultifit.py', '2']
tparams: [55.833745228263886, [74.368164510988777, -45.824669656647494, 18.448159233410145], [150.94646046847478, 55.134558309009009, 17.653542704137081]]

first spot
lightcurve:
[ 0.99735266  0.99689157  0.99628143  0.99551868  0.99460582  0.99354997
  0.99236226  0.99105754  0.98965494  0.98817997  0.98667284  0.98516845
  0.98368466  0.98223739  0.98084071  0.97950672  0.97824557  0.97706546
  0.97597272  0.97497186  0.97406559  0.97325486  0.97253895  0.97191553
  0.97138081  0.97092975  0.97055629  0.9702537   0.97001506  0.96983344
  0.96970239  0.96961664  0.96957321  0.969573    0.96962383  0.96975156
  0.96999904  0.97036871  0.97085543  0.97145258  0.97215225  0.97294545
  0.9738224   0.97477275  0.9757859   0.97685118  0.97795816  0.9790968
  0.98025767  0.981432    0.98261184  0.98379004  0.98496027  0.98611697
  0.98725526  0.98837084  0.98945986  0.99051879  0.99154423  0.99251922
  0.99341885  0.99423392  0.99496166  0.99560289  0.99616072  0.99663973
  0.99704542  0.99738369  0.9976605   0.99788153  0.99805195  0.99817611
  0.99825746  0.99829837  0.99830007  0.99826262  0.99818488  0.99806457
  0.99789836  0.9976772 ]

best fits:
opt: [  25.66259662  142.72054458  -74.75444301   87.25130449] sse: 3.76240248322e-05 p1: [ 107.44238965  137.94191996  -68.65899258   24.07535859]
opt: [  15.24555296  142.72054812  -64.33737074   87.25128213] sse: 3.76240248358e-05 p1: [  13.82528415  142.35026768  -58.1304244    83.41370786]
opt: [  25.59630937  322.68930294 -104.9552859    87.46233254] sse: 3.89848375741e-05 p1: [  82.59286078  322.50694831 -105.30969118   40.92265141]
opt: [ -14.07635104  323.08776986  -55.76817918   81.1864186 ] sse: 5.66952980556e-05 p1: [ -15.52036435  323.26570883  -16.40903587   48.31108888]
opt: [ -14.01420413  323.09920571  -54.53386717   80.22413692] sse: 6.02744021772e-05 p1: [ -26.38713129  323.35370995   24.19694111   21.09914672]

inc: 25.6625966216 spot # 2
residual lightcurve:
[ 1.00112356  1.00134339  1.00148836  1.00155099  1.00152915  1.00142484
  1.00124352  1.00099395  1.00068885  1.00034692  1.00000132  0.99967964
  0.99939223  0.99914734  0.99895123  0.99880813  0.99872031  0.99868811
  0.9987101   0.99878316  0.99890259  0.9990622   0.99925445  0.99947059
  0.99970085  0.99993469  1.00016112  1.00036909  1.00054792  1.00068768
  1.00077953  1.0008166   1.00079501  1.00071547  1.00058641  1.00043499
  1.00030612  1.00020496  1.00012983  1.00007818  1.00004676  1.00003187
  1.00002949  1.00003551  1.00004597  1.00005724  1.00006617  1.00007027
  1.00006781  1.00005786  1.00004033  1.00001598  0.9999863   0.99995346
  0.99992017  0.99988954  0.99986488  0.99984958  0.99984682  0.9998459
  0.99982774  0.99978852  0.99973031  0.99965818  0.99957874  0.99949924
  0.99942684  0.99936803  0.99932817  0.99931131  0.99932019  0.99935673
  0.99942261  0.99951988  0.99965095  0.99981814  1.00002284  1.00026479
  1.00054172  1.00084453]

best fits:
opt: [ 79.96376597 -38.63894868  24.6965208 ] sse: 2.75412226443e-05 p1: [ 78.81363956 -34.51590039  21.02018393]
opt: [ 79.96135644 -38.713457    24.76340772] sse: 2.75412287287e-05 p1: [ 81.68844442 -28.2898681   14.91588017]
opt: [ 79.96470731 -38.56450547  24.62976319] sse: 2.75412336601e-05 p1: [ 76.61835503 -20.08612635   8.97819942]
opt: [ 79.96294485 -38.51710761  24.5872736 ] sse: 2.7541249429e-05 p1: [ 85.8381259  -35.09395068  21.39696194]
opt: [ 79.96093248 -38.49496093  24.56743174] sse: 2.75412592475e-05 p1: [ 114.68441448    1.26619526    0.71786328]
opt: [ 302.48932445  -39.65085285   24.08981549] sse: 3.39344875246e-05 p1: [ 273.62919927   27.2791275     0.78135913]
opt: [ 302.49556475  -39.62357782   24.06525997] sse: 3.39344876197e-05 p1: [ 301.14698042  -62.44193307   45.11611654]
opt: [ 273.84572501   27.348045      0.73834321] sse: 3.75663002816e-05 p1: [ 263.74854096   39.444853      0.56916573]
opt: [ 180.   -72.    20.5] sse: 3.76240248322e-05 p1: [ 180.   -72.    20.5]
opt: [ 248.56639882  -61.34524104   15.3585106 ] sse: 3.76240248322e-05 p1: [ 248.56639882  -61.34524104   15.3585106 ]
op/Library/Frameworks/Python.framework/Versions/6.2/lib/python2.6/site-packages/scipy/optimize/minpack.py:316: RuntimeWarning: Number of calls to function has reached maxfev = 800.
  warnings.warn(errors[info][0], RuntimeWarning)
t: [ 108.   -72.    11.5] sse: 3.76240248322e-05 p1: [ 108.   -72.    11.5]
opt: [ 36.  -72.   11.5] sse: 3.76240248322e-05 p1: [ 36.  -72.   11.5]
opt: [ 108.   -72.    20.5] sse: 3.76240248322e-05 p1: [ 108.   -72.    20.5]
opt: [ 216.9645855   -41.91432106    8.92490845] sse: 3.76240248322e-05 p1: [ 216.9645855   -41.91432106    8.92490845]
opt: [ 180.   -72.    11.5] sse: 3.76240248322e-05 p1: [ 180.   -72.    11.5]
opt: [ 159.95762552  -40.04525194   13.77164741] sse: 3.76240248322e-05 p1: [ 159.95762552  -40.04525194   13.77164741]

inc: 15.2455529638 spot # 2
residual lightcurve:
[ 1.00112356  1.00134339  1.00148836  1.00155098  1.00152915  1.00142484
  1.00124351  1.00099395  1.00068884  1.00034692  1.00000132  0.99967964
  0.99939223  0.99914734  0.99895122  0.99880813  0.99872031  0.99868811
  0.9987101   0.99878316  0.99890259  0.9990622   0.99925445  0.99947059
  0.99970085  0.99993469  1.00016113  1.00036909  1.00054792  1.00068768
  1.00077954  1.00081661  1.00079501  1.00071548  1.00058641  1.00043499
  1.00030612  1.00020497  1.00012983  1.00007818  1.00004677  1.00003188
  1.00002949  1.00003551  1.00004597  1.00005724  1.00006617  1.00007027
  1.00006781  1.00005786  1.00004033  1.00001598  0.9999863   0.99995346
  0.99992017  0.99988953  0.99986488  0.99984958  0.99984682  0.9998459
  0.99982774  0.99978852  0.99973031  0.99965818  0.99957874  0.99949924
  0.99942684  0.99936803  0.99932818  0.99931131  0.99932019  0.99935673
  0.99942261  0.99951988  0.99965096  0.99981815  1.00002284  1.00026479
  1.00054172  1.00084453]

best fits:
opt: [ 81.02940741 -45.36779472  39.43576609] sse: 2.9832827625e-05 p1: [ 79.49841952 -33.10008407  26.28534139]
opt: [ 81.012321   -41.83862865  36.12398601] sse: 2.98361607213e-05 p1: [ 79.18717045 -12.41281183   9.38075083]
opt: [ 80.91253661 -40.68319851  35.04141361] sse: 2.98423283607e-05 p1: [ 85.36870905 -18.92195145  15.25051851]
opt: [ 298.36713172  -45.18147201   38.41046623] sse: 3.42276015788e-05 p1: [ 272.88395605    0.27325508    2.84417731]
opt: [ 298.36463563  -45.14883404   38.37958047] sse: 3.42276017075e-05 p1: [ 297.08332793  -35.5447407    29.31446608]
opt: [ 298.36432439  -45.23733976   38.46312322] sse: 3.42276020271e-05 p1: [ 283.72938332  -15.91835702   10.23599549]
opt: [ 298.36926871  -44.86456741   38.11136275] sse: 3.42276161557e-05 p1: [ 263.36687148   11.5919634     1.12995802]
opt: [ 298.3621065   -45.55563162   38.76360637] sse: 3.42276221177e-05 p1: [ 249.09288493   36.06515566    0.61273161]
opt: [ 298.36639783  -44.80019845   38.05053468] sse: 3.42276226519e-05 p1: [ 276.73276755   30.21491058    0.69233153]
opt: [ 298.36545603  -45.78563517   38.98089322] sse: 3.42276552313e-05 p1: [ 301.07814574   -8.58872128    6.03027279]
opt: [ 252.   -72.    20.5] sse: 3.76240248358e-05 p1: [ 252.   -72.    20.5]
opt: [ 252.   -72.    14.5] sse: 3.76240248358e-05 p1: [ 252.   -72.    14.5]
opt: [ 180.   -36.    11.5] sse: 3.76240248358e-05 p1: [ 180.   -36.    11.5]
opt: [ 324.   -72.    14.5] sse: 3.76240248358e-05 p1: [ 324.   -72.    14.5]
opt: [ 108.   -72.    20.5] sse: 3.76240248358e-05 p1: [ 108.   -72.    20.5]
opt: [ 36.  -72.   11.5] sse: 3.76240248358e-05 p1: [ 36.  -72.   11.5]
opt: [ 223.32842694  -37.73126155   21.81631999] sse: 3.76240248358e-05 p1: [ 223.32842694  -37.73126155   21.81631999]
opt: [ 180.   -72.    11.5] sse: 3.76240248358e-05 p1: [ 180.   -72.    11.5]
opt: [ 108.   -36.    11.5] sse: 3.76240248358e-05 p1: [ 108.   -36.    11.5]
opt: [ 324.   -72.    23.5] sse: 3.76240248358e-05 p1: [ 324.   -72.    23.5]
opt: [ 185.90370903  -39.55027199   20.03774366] sse: 3.76240248358e-05 p1: [ 185.90370903  -39.55027199   20.03774366]
opt: [ 268.79585297  -25.54748273    6.67577681] sse: 3.76240248358e-05 p1: [ 268.79585297  -25.54748273    6.67577681]
opt: [ 252.   -72.    11.5] sse: 3.76240248358e-05 p1: [ 252.   -72.    11.5]
opt: [ 108.   -72.    11.5] sse: 3.76240248358e-05 p1: [ 108.   -72.    11.5]
opt: [ 324.   -36.    17.5] sse: 3.76240248358e-05 p1: [ 324.   -36.    17.5]

inc: 25.5963093719 spot # 2
residual lightcurve:
[ 1.00130538  1.00152457  1.00166735  1.00172622  1.00169907  1.00158794
  1.00139834  1.00113912  1.00082308  1.00046904  1.00011026  0.99977447
  0.99947213  0.99921164  0.9989994   0.99883982  0.99873529  0.99868632
  0.99869166  0.99874833  0.99885179  0.99899603  0.99917364  0.99937603
  0.99959355  0.99981582  1.00003193  1.00023095  1.00040231  1.00053611
  1.00062362  1.00065797  1.00063532  1.00055641  1.00042963  1.00028213
  1.00015878  1.00006468  0.99999807  0.9999563   0.99993605  0.99993347
  0.99994442  0.99996467  0.99999011  1.00001695  1.00004188  1.00006228
  1.00007622  1.00008263  1.00008128  1.00007274  1.00005838  1.00004021
  1.00002081  1.00000315  0.99999043  0.99998592  0.99999272  1.
  0.99998864  0.99995474  0.99990036  0.99983054  0.99975195  0.99967193
  0.99959781  0.99953636  0.99949334  0.99947331  0.99947961  0.99951473
  0.99958076  0.99967983  0.99981409  0.99998534  1.00019436  1.00044035
  1.00072055  1.00102552]

best fits:
opt: [ 82.10713109 -38.60103136  24.81859358] sse: 2.85398844333e-05 p1: [ 97.50921713   8.63904565   0.92290424]
opt: [ 82.10569034 -38.63152007  24.84600025] sse: 2.85398858273e-05 p1: [ 82.39794522 -23.05014465  11.12509503]
opt: [ 82.10968937 -38.65273529  24.86501448] sse: 2.85398883924e-05 p1: [ 126.93966958   12.50276107    1.78611159]
opt: [ 82.11095075 -38.54518549  24.76853487] sse: 2.85398894662e-05 p1: [ 102.72032666   -3.61294921    2.13059422]
opt: [ 82.10590317 -38.68119152  24.89055642] sse: 2.85398939569e-05 p1: [ 91.01420181 -12.35859234   3.54938219]
opt: [ 82.10973949 -38.50755204  24.73481327] sse: 2.85398979104e-05 p1: [ 155.02500259   23.97468265    0.71545977]
opt: [ 82.108444   -38.47665435  24.70713024] sse: 2.85399080732e-05 p1: [ 83.7102796  -33.84214432  13.56604765]
opt: [ 82.11195899 -38.40993557  24.64728884] sse: 2.85399403721e-05 p1: [ 116.21382028   16.71214513    0.71651168]
opt: [ 82.10305192 -38.38220035  24.62243592] sse: 2.85399577023e-05 p1: [ 83.69989319 -13.58596324   7.37957732]
opt: [ 304.22975672  -40.32096292   23.32018798] sse: 3.73425427671e-05 p1: [ 302.72500587  -39.41857622   22.42153153]
opt: [ 304.23041708  -40.2703003    23.27362044] sse: 3.73425428063e-05 p1: [ 298.43555195  -68.31326543   48.93255934]
opt: [ 304.23620347  -40.29285727   23.29450417] sse: 3.73425428275e-05 p1: [ 305.80601976  -25.77670957   10.64894126]
opt: [ 304.22336941  -40.3521715    23.34868976] sse: 3.73425433536e-05 p1: [ 291.49702791  -19.98621837    4.5684398 ]
opt: [ 304.22278353  -40.16836133   23.1796754 ] sse: 3.73425457725e-05 p1: [ 302.64350075  -33.54218168   16.80392041]
opt: [ 304.22765399  -39.69421191   22.74399699] sse: 3.73426060013e-05 p1: [ 284.84816566   -5.939711      2.28132227]
opt: [ 187.21792209  -39.82777672   17.14861049] sse: 3.8978783726e-05 p1: [ 187.69824874  -39.85228406   17.11761782]
opt: [ 187.30667968  -35.01591301   12.50465354] sse: 3.89789799375e-05 p1: [ 186.86447089  -35.18157633   12.29858613]
opt: [ 235.69399425  -43.56842868    7.3619423 ] sse: 3.89848375741e-05 p1: [ 235.69399425  -43.56842868    7.3619423 ]
opt: [ 61.37449658 -42.44856428   0.97960394] sse: 3.89848375741e-05 p1: [ 61.37449658 -42.44856428   0.97960394]
opt: [ 136.99226892  -58.12476105   31.49393614] sse: 3.89848375741e-05 p1: [ 136.99226892  -58.12476105   31.49393614]
opt: [ 273.83533557  -66.95169737   22.58422348] sse: 3.89848375741e-05 p1: [ 273.83533557  -66.95169737   22.58422348]
opt: [ 36.  -72.   11.5] sse: 3.89848375741e-05 p1: [ 36.  -72.   11.5]
opt: [ 36.  -72.   20.5] sse: 3.89848375741e-05 p1: [ 36.  -72.   20.5]

inc: -14.0763510371 spot # 2
residual lightcurve:
[ 1.00167422  1.00179149  1.00183183  1.00179045  1.00166764  1.00146746
  1.00119713  1.0008668   1.00049023  1.00008687  0.99969031  0.99932831
  0.99901115  0.99874681  0.99854107  0.99839754  0.99831769  0.998301
  0.99834504  0.99844566  0.99859704  0.9987919   0.99902156  0.99927617
  0.99954489  0.99981618  1.00007811  1.00031877  1.00052675  1.00069146
  1.00080358  1.00085584  1.00084411  1.00076902  1.00063902  1.00048146
  1.00034156  1.00022494  1.00013048  1.00005631  1.          0.99995871
  0.99992937  0.99990888  0.99989435  0.9998832   0.99987335  0.99986337
  0.99985251  0.99984077  0.99982892  0.99981842  0.99981135  0.99981031
  0.99981822  0.99983819  0.99987331  0.99992645  1.          1.00008211
  1.00015226  1.0002048   1.0002397   1.00025958  1.00026845  1.00027085
  1.0002714   1.00027441  1.00028371  1.00030263  1.00033402  1.00038038
  1.00044398  1.0005269   1.00063104  1.00075793  1.00090853  1.00108293
  1.00128007  1.00149287]

best fits:
opt: [ 258.34773437  -38.01971554   35.08260242] sse: 4.29245717216e-05 p1: [ 258.30721371  -23.59811636   21.6612994 ]
opt: [ 258.17217146  -33.61401238   31.03337943] sse: 4.31004945059e-05 p1: [ 259.62954076  -33.97581923   30.62942421]
opt: [ 258.86593014  -21.33310811   19.92133851] sse: 4.3871017914e-05 p1: [ 255.05336738   -5.19194709    4.58983427]
opt: [ 258.91075101  -20.84219173   19.48984381] sse: 4.39211989169e-05 p1: [ 305.09980069    7.56303451    2.35997055]
opt: [ 258.94172313  -20.43896879   19.13713494] sse: 4.39652535101e-05 p1: [ 274.26115051   -9.80873159    9.096009  ]
opt: [ 258.93138627  -20.24656135   18.97131459] sse: 4.39910942151e-05 p1: [ 258.60659542   -7.29264739    6.75428913]
opt: [ 313.29940101    9.3719413     1.88151805] sse: 5.57185052388e-05 p1: [ 298.81331795   14.03634036    0.90113254]
opt: [ 313.86691868    9.44422842    1.87056327] sse: 5.57322383729e-05 p1: [ 305.8773611     9.04437619    1.66229093]
opt: [ 45.59476184 -33.71771675  25.72891367] sse: 5.63901879711e-05 p1: [ 42.97726667 -33.65683295  25.78627017]
opt: [ 45.50295511 -17.03308983  10.33174577] sse: 5.64042656706e-05 p1: [ 41.30969918 -17.12309521  10.24015328]
opt: [ 36.  -72.   20.5] sse: 5.66952980556e-05 p1: [ 36.  -72.   20.5]
opt: [ 180.   -72.    11.5] sse: 5.66952980556e-05 p1: [ 180.   -72.    11.5]
opt: [ 266.55127017  -40.26672504   22.79361123] sse: 5.66952980556e-05 p1: [ 266.55127017  -40.26672504   22.79361123]
opt: [ 177.04682053  -20.64867345    2.74862704] sse: 5.66952980556e-05 p1: [ 177.04682053  -20.64867345    2.74862704]
opt: [ 324.   -72.    20.5] sse: 5.66952980556e-05 p1: [ 324.   -72.    20.5]
opt: [ 133.20331501  -82.22010512    2.46687136] sse: 5.66952980556e-05 p1: [ 133.20331501  -82.22010512    2.46687136]
opt: [ 47.63765586 -37.58660234   3.85298793] sse: 5.66952980556e-05 p1: [ 47.63765586 -37.58660234   3.85298793]
opt: [ 324.   -72.    23.5] sse: 5.66952980556e-05 p1: [ 324.   -72.    23.5]
opt: [ 36.  -72.   11.5] sse: 5.66952980556e-05 p1: [ 36.  -72.   11.5]
opt: [ 324.   -36.    17.5] sse: 5.66952980556e-05 p1: [ 324.   -36.    17.5]
opt: [ 252.   -36.    11.5] sse: 5.66952980556e-05 p1: [ 252.   -36.    11.5]
opt: [ 303.91644454  -30.45426447    5.30144353] sse: 5.66952980556e-05 p1: [ 303.91644454  -30.45426447    5.30144353]
opt: [ 324.   -72.    11.5] sse: 5.66952980556e-05 p1: [ 324.   -72.    11.5]
opt: [ 108.   -36.    17.5] sse: 5.66952980556e-05 p1: [ 108.   -36.    17.5]
opt: [ 180.   -72.    20.5] sse: 5.66952980556e-05 p1: [ 180.   -72.    20.5]
opt: [ 299.78621436  -44.97389946    7.70453308] sse: 5.66952980556e-05 p1: [ 299.78621436  -44.97389946    7.70453308]
opt: [ 252.   -72.    20.5] sse: 5.66952980556e-05 p1: [ 252.   -72.    20.5]
opt: [ 36.  -36.   11.5] sse: 5.66952980556e-05 p1: [ 36.  -36.   11.5]
opt: [ 108.   -72.    17.5] sse: 5.66952980556e-05 p1: [ 108.   -72.    17.5]

inc: -14.0142041299 spot # 2
residual lightcurve:
[ 1.00172225  1.00183002  1.00186044  1.00180896  1.00167613  1.0014663
  1.0011869   1.00084831  1.00046442  1.00005485  0.99965326  0.99928748
  0.99896782  0.99870223  0.99849646  0.99835406  0.9982764   0.99826284
  0.99831084  0.99841608  0.99857262  0.99877298  0.99900835  0.99926871
  0.99954307  0.99981974  1.00008664  1.00033174  1.00054353  1.00071132
  1.00082571  1.00087939  1.0008682   1.00079276  1.00066152  1.00050188
  1.00035911  1.00023892  1.00014026  1.00006139  1.          0.99995339
  0.99991864  0.99989281  0.99987317  0.99985728  0.99984324  0.99982976
  0.99981622  0.99980276  0.99979024  0.99978021  0.99977481  0.99977666
  0.9997887   0.99981399  0.99985555  0.99991615  0.99999802  1.00008915
  1.00016878  1.00023106  1.00027566  1.00030496  1.00032269  1.00033318
  1.00034084  1.00034985  1.00036396  1.00038648  1.00042029  1.00046794
  1.00053171  1.00061371  1.0007158   1.00083949  1.00098567  1.00115443
  1.00134477  1.00154969]

best fits:
opt: [ 258.16706622  -32.96523961   30.53199659] sse: 4.60267281742e-05 p1: [ 261.16971725  -33.18115059   30.30327844]
opt: [ 258.53792247  -25.6252345    23.84052601] sse: 4.64277311756e-05 p1: [ 260.73251243  -26.19137292   23.22487727]
opt: [ 258.82399189  -20.60441809   19.38361511] sse: 4.68995169573e-05 p1: [ 254.88057745   -6.58458737    7.06801426]
opt: [ 258.81613359  -20.36683364   19.17816165] sse: 4.69310450356e-05 p1: [ 269.84665109   -2.90381912    3.78632669]
opt: [ 258.81993263  -20.33011518   19.1459964 ] sse: 4.69351395955e-05 p1: [ 263.33730608   -6.21028907    4.76314661]
opt: [ 258.81644359  -20.30139863   19.12143422] sse: 4.69394390027e-05 p1: [ 258.49000688   -6.94137848    7.00800831]
opt: [ 45.46801773 -33.50567917  25.98686336] sse: 5.98394688069e-05 p1: [ 45.34516754 -33.46983901  26.02003588]
opt: [ 45.24637352 -17.30617055  11.05109498] sse: 5.98607511865e-05 p1: [ 41.78730337 -17.34853434  11.00334979]
opt: [ 180.   -72.    11.5] sse: 6.02744021772e-05 p1: [ 180.   -72.    11.5]
opt: [ 252.   -36.    11.5] sse: 6.02744021772e-05 p1: [ 252.   -36.    11.5]
opt: [ 180.   -72.    20.5] sse: 6.02744021772e-05 p1: [ 180.   -72.    20.5]
opt: [ 292.53541426  -20.06263324    4.47236841] sse: 6.02744021772e-05 p1: [ 292.53541426  -20.06263324    4.47236841]
opt: [ 324.   -72.    11.5] sse: 6.02744021772e-05 p1: [ 324.   -72.    11.5]
opt: [ 36.  -72.   11.5] sse: 6.02744021772e-05 p1: [ 36.  -72.   11.5]
opt: [ 108.   -36.    11.5] sse: 6.02744021772e-05 p1: [ 108.   -36.    11.5]
opt: [ 180.   -36.    17.5] sse: 6.02744021772e-05 p1: [ 180.   -36.    17.5]
opt: [ 305.31893824  -29.63747598    5.53976429] sse: 6.02744021772e-05 p1: [ 305.31893824  -29.63747598    5.53976429]
opt: [ 108.   -36.    14.5] sse: 6.02744021772e-05 p1: [ 108.   -36.    14.5]
opt: [ 324.   -36.    17.5] sse: 6.02744021772e-05 p1: [ 324.   -36.    17.5]
opt: [ 324.   -72.    17.5] sse: 6.02744021772e-05 p1: [ 324.   -72.    17.5]
opt: [ 36.  -72.   17.5] sse: 6.02744021772e-05 p1: [ 36.  -72.   17.5]
opt: [ 129.60421551  -82.88874566    2.60718734] sse: 6.02744021772e-05 p1: [ 129.60421551  -82.88874566    2.60718734]
opt: [ 180.   -36.    11.5] sse: 6.02744021772e-05 p1: [ 180.   -36.    11.5]
opt: [ 41.53562798 -41.80221708   4.09724618] sse: 6.02744021772e-05 p1: [ 41.53562798 -41.80221708   4.09724618]
opt: [ 108.   -72.    14.5] sse: 6.02744021772e-05 p1: [ 108.   -72.    14.5]
opt: [ 36.  -36.   17.5] sse: 6.02744021772e-05 p1: [ 36.  -36.   17.5]
opt: [ 108.   -72.    20.5] sse: 6.02744021772e-05 p1: [ 108.   -72.    20.5]

best final fit:
[25.662596621592034, array([ 142.72054458,  -74.75444301,   87.25130449]), array([ 79.96376597, -38.63894868,  24.6965208 ])]
sse: 2.75412226443e-05
intensity:
[ 0.9962291   0.99554818  0.99479307  0.9939677   0.9930752   0.99210898
  0.99106848  0.98995954  0.98879091  0.98757315  0.98631794  0.98503763
  0.98374488  0.9824523   0.98117222  0.97991642  0.97869594  0.97752088
  0.97640032  0.97534215  0.97435302  0.97343835  0.97260226  0.97184767
  0.97117633  0.97058899  0.97008552  0.96966514  0.96932666  0.96906882
  0.9688908   0.9687929   0.96877817  0.96885753  0.96903742  0.96931657
  0.96969293  0.97016375  0.9707256   0.97137441  0.97210548  0.97291358
  0.97379291  0.97473724  0.97573992  0.97679394  0.97789198  0.97902653
  0.98018986  0.98137414  0.9825715   0.98377406  0.98497398  0.98616352
  0.98733509  0.98848131  0.98959498  0.99066921  0.9916974   0.99267332
  0.99359111  0.9944454   0.99523135  0.99594471  0.99658198  0.99714049
  0.99761858  0.99801566  0.99833232  0.99857022  0.99873175  0.99881938
  0.99883485  0.99877849  0.99864912  0.99844447  0.99816204  0.99779979
  0.99735664  0.996/Library/Frameworks/Python.framework/Versions/6.2/lib/python2.6/site-packages/scipy/optimize/minpack.py:316: RuntimeWarning: Number of calls to function has reached maxfev = 1600.
  warnings.warn(errors[info][0], RuntimeWarning)
83268]

lightcurve:
[ 0.99735266  0.99689157  0.99628143  0.99551868  0.99460582  0.99354997
  0.99236226  0.99105754  0.98965494  0.98817997  0.98667284  0.98516845
  0.98368466  0.98223739  0.98084071  0.97950672  0.97824557  0.97706546
  0.97597272  0.97497186  0.97406559  0.97325486  0.97253895  0.97191553
  0.97138081  0.97092975  0.97055629  0.9702537   0.97001506  0.96983344
  0.96970239  0.96961664  0.96957321  0.969573    0.96962383  0.96975156
  0.96999904  0.97036871  0.97085543  0.97145258  0.97215225  0.97294545
  0.9738224   0.97477275  0.9757859   0.97685118  0.97795816  0.9790968
  0.98025767  0.981432    0.98261184  0.98379004  0.98496027  0.98611697
  0.98725526  0.98837084  0.98945986  0.99051879  0.99154423  0.99251922
  0.99341885  0.99423392  0.99496166  0.99560289  0.99616072  0.99663973
  0.99704542  0.99738369  0.9976605   0.99788153  0.99805195  0.99817611
  0.99825746  0.99829837  0.99830007  0.99826262  0.99818488  0.99806457
  0.99789836  0.9976772 ]

best fits:
opt: [44.228750137040258, [150.68803720756642, -75.082456456813659, 71.619508253159381], [73.91812819651939, -36.922300169905235, 20.063397645348306]] sse: 5.11629558349e-07 p0: [25.662596621592034, [142.72054457825229, -74.754443005871352, 87.251304485613176], [79.964707309281025, -38.564505466369354, 24.6297631898709]]


tparams: [55.833745228263886, [74.368164510988777, -45.824669656647494, 18.448159233410145], [150.94646046847478, 55.134558309009009, 17.653542704137081]]
final param sets:
params:  [44.228750137040258, [150.68803720756642, -75.082456456813659, 71.619508253159381], [73.91812819651939, -36.922300169905235, 20.063397645348306]]
pdists:  [0.25788877980496949, 3.0849805764426517, 1.1172831914627464]
