/Library/Frameworks/Python.framework/Versions/6.2/lib/python2.6/site-packages/scipy/optimize/minpack.py:316: RuntimeWarning: Number of calls to function has reached maxfev = 20.
  warnings.warn(errors[info][0], RuntimeWarning)
/Library/Frameworks/Python.framework/Versions/6.2/lib/python2.6/site-packages/scipy/optimize/minpack.py:316: RuntimeWarning: Number of calls to function has reached maxfev = 1000.
  warnings.warn(errors[info][0], RuntimeWarning)
['lcmultifit.py', '2']
tparams: [35.087867472597068, [30.328131341076578, 64.657101869234737, 22.626830230943714], [301.46855535556443, 37.383906380514219, 17.35534625485883]]

first spot
lightcurve:
[ 0.92835721  0.928822    0.92939478  0.93007273  0.93085288  0.93173206
  0.93270685  0.93377343  0.93492751  0.93616422  0.93747801  0.93886257
  0.9403108   0.94181436  0.94335067  0.94489563  0.94643654  0.94796491
  0.94947457  0.95096066  0.95241916  0.95384644  0.95523899  0.95659323
  0.95790529  0.9591709   0.96038528  0.96154307  0.96263826  0.96366424
  0.96461376  0.96547902  0.96625176  0.96692338  0.96748516  0.96792845
  0.96824499  0.96842726  0.968469    0.96836582  0.96811631  0.9677241
  0.96720521  0.96657471  0.96583471  0.9649874   0.96403541  0.962982
  0.96183114  0.96058761  0.95925714  0.95784644  0.95636327  0.95481644
  0.9532158   0.95157216  0.94989719  0.94820326  0.94650332  0.94481063
  0.9431386   0.94150054  0.93990941  0.93837762  0.93691685  0.9355378
  0.9342501   0.93306218  0.93198121  0.93101301  0.93016215  0.92943194
  0.9288245   0.92834094  0.92798141  0.92774529  0.92763133  0.92763777
  0.9277625   0.92800316]

best fits:
opt: [  41.04997308  347.0468819   -80.0579867    95.24273388] sse: 1.22828848096e-05 p1: [ 137.38737011  342.15510708  -68.85368336   28.28902971]
opt: [   9.94201435  347.04688271  -48.95006538   95.2427636 ] sse: 1.22828848096e-05 p1: [   8.38893583  361.15791234    8.99152916   48.54997365]
opt: [ 41.07308902 -12.90515404 -80.05916942  95.22188976] sse: 1.23000339311e-05 p1: [ 128.52834634   -0.88928612  -76.88899773   27.66505053]
opt: [  9.94083016 -12.90513884 -48.92689583  95.22187808] sse: 1.23000413365e-05 p1: [ 11.855924   -26.76152481  21.46520284  40.23916173]
opt: [  -9.85270434  166.94195075  -46.91044111   93.65480605] sse: 1.28004347689e-05 p1: [ -22.20552198  161.92856344   54.09304374   26.68104021]
opt: [  -9.84874705  166.92704561  -46.55200357   93.37280754] sse: 1.28393915225e-05 p1: [ -21.56706905  166.44559974   51.17885975   27.6235863 ]
opt: [  -9.78683593  166.91805841  -42.65684719   90.29741734] sse: 1.38658307851e-05 p1: [  -9.48465266  166.86356581  -35.20824191   84.47942881]

inc: 41.0499730754 spot # 2
residual lightcurve:
[ 1.00030655  1.00034894  1.00037878  1.00039664  1.00040373  1.00040174
  1.00039278  1.00037923  1.00036359  1.00034834  1.00033576  1.00032786
  1.00032621  1.00033152  1.0003305   1.00030856  1.00026265  1.00019404
  1.00010629  1.00000431  0.99989369  0.99978029  0.99966992  0.99956806
  0.99947961  0.99940879  0.99935891  0.99933232  0.99933029  0.99935301
  0.9993995   0.9994677   0.99955446  0.99965564  0.99976626  0.99988066
  0.9999928   1.00009652  1.0001861   1.00025683  1.00030612  1.0003356
  1.00035848  1.00038626  1.00041677  1.00044722  1.00047469  1.00049628
  1.00050926  1.00051128  1.00050043  1.00047542  1.00043563  1.00038117
  1.00031288  1.00023231  1.00014169  1.00004379  0.99994184  0.99983934
  0.99973994  0.99964728  0.99956476  0.99949545  0.9994419   0.99940606
  0.99938916  0.99939165  0.99941322  0.99945279  0.99950857  0.99957817
  0.99965869  0.99974689  0.99983933  0.99993254  1.00002319  1.00010825
  1.0001851   1.00025168]

best fits:
opt: [ 124.03494619  -44.58294786   15.04468756] sse: 8.6575427151e-06 p1: [ 128.61803349  -26.38121426    4.22512965]
opt: [ 299.18747765  -44.49075956   14.85880623] sse: 8.96763759761e-06 p1: [ 302.67724366  -35.57020433    8.13256068]
opt: [ 302.4686573   -92.47899484   50.68786085] sse: 1.15914647164e-05 p1: [ 293.68155547  -92.25219162   50.69252942]
opt: [ 44.44660424 -52.54712622   1.57358288] sse: 1.22828848096e-05 p1: [ 44.44660424 -52.54712622   1.57358288]
opt: [ 252.   -72.    11.5] sse: 1.22828848096e-05 p1: [ 252.   -72.    11.5]
opt: [ 180.   -72.    23.5] sse: 1.22828848096e-05 p1: [ 180.   -72.    23.5]
opt: [ 36.  -72.   11.5] sse: 1.22828848096e-05 p1: [ 36.  -72.   11.5]
opt: [ 108.   -72.    11.5] sse: 1.22828848096e-05 p1: [ 108.   -72.    11.5]
opt: [ 36.  -72.   20.5] sse: 1.22828848096e-05 p1: [ 36.  -72.   20.5]
op/Library/Frameworks/Python.framework/Versions/6.2/lib/python2.6/site-packages/scipy/optimize/minpack.py:316: RuntimeWarning: Number of calls to function has reached maxfev = 800.
  warnings.warn(errors[info][0], RuntimeWarning)
t: [ 40.17582005 -53.68117073   9.17525967] sse: 1.22828848096e-05 p1: [ 40.17582005 -53.68117073   9.17525967]
opt: [ 108.   -72.    17.5] sse: 1.22828848096e-05 p1: [ 108.   -72.    17.5]
opt: [ 36.  -72.   14.5] sse: 1.22828848096e-05 p1: [ 36.  -72.   14.5]
opt: [ 108.   -72.    23.5] sse: 1.22828848096e-05 p1: [ 108.   -72.    23.5]
opt: [ 180.   -72.    14.5] sse: 1.22828848096e-05 p1: [ 180.   -72.    14.5]

inc: 9.94201435357 spot # 2
residual lightcurve:
[ 1.00030655  1.00034894  1.00037878  1.00039664  1.00040373  1.00040174
  1.00039278  1.00037923  1.00036359  1.00034834  1.00033576  1.00032786
  1.00032621  1.00033153  1.0003305   1.00030856  1.00026265  1.00019404
  1.00010629  1.00000431  0.99989369  0.99978029  0.99966992  0.99956806
  0.99947962  0.99940879  0.99935891  0.99933232  0.99933029  0.99935301
  0.9993995   0.9994677   0.99955446  0.99965564  0.99976626  0.99988066
  0.99999279  1.00009652  1.0001861   1.00025683  1.00030612  1.0003356
  1.00035848  1.00038626  1.00041677  1.00044722  1.00047469  1.00049628
  1.00050926  1.00051128  1.00050043  1.00047542  1.00043564  1.00038117
  1.00031288  1.00023231  1.00014169  1.00004379  0.99994184  0.99983934
  0.99973994  0.99964728  0.99956476  0.99949545  0.9994419   0.99940606
  0.99938916  0.99939165  0.99941322  0.99945279  0.99950857  0.99957817
  0.99965869  0.99974689  0.99983933  0.99993254  1.00002319  1.00010824
  1.0001851   1.00025168]

best fits:
opt: [ 123.90959697  -53.45580597   50.52681147] sse: 9.65583757832e-06 p1: [ 125.98261502  -26.09777755   24.2340801 ]
opt: [ 123.89893281  -52.28604261   49.40878396] sse: 9.65613498923e-06 p1: [ 122.23727418   -6.21116449    6.18414126]
opt: [ 299.83798822  -53.48443597   50.55442996] sse: 9.72217360291e-06 p1: [ 298.47461657  -16.93774567   15.9917101 ]
opt: [ 121.48849682   25.94940746    0.22940464] sse: 1.2282513669e-05 p1: [ 84.55690748  24.59478585   0.50361058]
opt: [ 121.68515164   25.94607283    0.2341976 ] sse: 1.22825154043e-05 p1: [ 153.33698156   29.51869956    0.2760543 ]
opt: [ 121.52614837   28.9124953     0.20406134] sse: 1.22825175539e-05 p1: [ 110.71006855   50.57322798    0.12522279]
opt: [  3.02040288e+02   2.92279226e+01   2.01997974e-01] sse: 1.22825831039e-05 p1: [  2.84703717e+02   3.69723455e+01   2.07098297e-01]
opt: [  3.02132262e+02   2.78184758e+01   2.12844989e-01] sse: 1.22825838935e-05 p1: [  3.07479394e+02   2.28013650e+01   2.15494099e-01]
opt: [  3.02349458e+02   3.02400616e+01   1.86210006e-01] sse: 1.22825900248e-05 p1: [  3.14751918e+02   5.60378966e+01   1.12860779e-01]
opt: [  3.02308810e+02   3.03285600e+01   1.83978432e-01] sse: 1.22825917592e-05 p1: [  2.47678666e+02   4.30844109e+01   1.44152805e-01]
opt: [ 180.   -36.    17.5] sse: 1.22828848096e-05 p1: [ 180.   -36.    17.5]
opt: [ 180.   -72.    11.5] sse: 1.22828848096e-05 p1: [ 180.   -72.    11.5]
opt: [ 61.05880062 -41.71261334   0.78012425] sse: 1.22828848096e-05 p1: [ 324.62461026   42.37504983    0.5394214 ]
opt: [ 180.   -36.    23.5] sse: 1.22828848096e-05 p1: [ 180.   -36.    23.5]
opt: [ 252.   -72.    17.5] sse: 1.22828848096e-05 p1: [ 252.   -72.    17.5]
opt: [ 108.   -72.    17.5] sse: 1.22828848096e-05 p1: [ 108.   -72.    17.5]
opt: [ 252.   -72.    23.5] sse: 1.22828848096e-05 p1: [ 252.   -72.    23.5]
opt: [ 108.   -72.    11.5] sse: 1.22828848096e-05 p1: [ 108.   -72.    11.5]
opt: [ 252.   -36.    20.5] sse: 1.22828848096e-05 p1: [ 252.   -36.    20.5]
opt: [ 36.  -72.   17.5] sse: 1.22828848096e-05 p1: [ 36.  -72.   17.5]
opt: [ 252.   -72.    11.5] sse: 1.22828848096e-05 p1: [ 252.   -72.    11.5]
opt: [ 36.  -72.   11.5] sse: 1.22828848096e-05 p1: [ 36.  -72.   11.5]
opt: [ 324.   -72.    11.5] sse: 1.22828848096e-05 p1: [ 324.   -72.    11.5]
opt: [ 36.  -36.   11.5] sse: 1.22828848096e-05 p1: [ 36.  -36.   11.5]
opt: [ 108.   -36.    11.5] sse: 1.22828848096e-05 p1: [ 108.   -36.    11.5]
opt: [ 36.  -36.   17.5] sse: 1.22828848096e-05 p1: [ 36.  -36.   17.5]
opt: [ 108.   -72.    14.5] sse: 1.22828848096e-05 p1: [ 108.   -72.    14.5]
opt: [ 244.48378563  -26.66704636    0.71926692] sse: 1.22828848096e-05 p1: [ 244.48378563  -26.66704636    0.71926692]
opt: [ 180.   -36.    11.5] sse: 1.22828848096e-05 p1: [ 180.   -36.    11.5]
opt: [ 17.11089459   9.99910494   0.14655597] sse: 1.22828900855e-05 p1: [  4.42203870e+01   1.13765304e+01  -3.99470574e-02]

inc: 41.0730890206 spot # 2
residual lightcurve:
[ 1.00030056  1.00034426  1.00037536  1.00039446  1.00040273  1.00040188
  1.000394    1.00038147  1.00036678  1.0003524   1.00034063  1.00033346
  1.00033246  1.00033833  1.00033779  1.00031624  1.00027063  1.00020224
  1.00011463  1.0000127   0.99990204  0.99978853  0.99967796  0.99957581
  0.999487    0.99941573  0.99936532  0.99933812  0.99933541  0.99935735
  0.999403    0.99947028  0.99955604  0.99965615  0.99976562  0.99987882
  0.99998969  1.00009209  1.00018031  1.00024964  1.00029751  1.00032556
  1.000347    1.00037336  1.00040247  1.00043156  1.00045771  1.00047804
  1.00048983  1.00049073  1.00047886  1.00045291  1.00041229  1.0003571
  1.00028819  1.00020713  1.00011612  1.00001796  0.99991587  0.99981335
  0.99971406  0.99962162  0.99953945  0.99947059  0.99941761  0.99938244
  0.9993663   0.99936966  0.99939217  0.99943277  0.99948965  0.99956041
  0.99964214  0.99973159  0.99982532  0.99991985  1.00001184  1.00009824
  1.00017644  1.00024436]

best fits:
opt: [ 298.92669407  -44.3327116    14.88612714] sse: 8.66735581138e-06 p1: [ 290.67836513   43.80677768    0.77469123]
opt: [ 124.23277871  -44.62050208   15.02045528] sse: 8.74329792825e-06 p1: [ 131.95408361  -18.13174126    2.43284207]
opt: [ 303.11019221  -92.42686827   50.65639959] sse: 1.16440697271e-05 p1: [ 297.95672211  -92.57405457   50.48200068]
opt: [ 12.08905252  90.0001194    0.28602092] sse: 1.2295134164e-05 p1: [ 33.45404889  81.35805325   0.28430998]
opt: [ 24.16336402  89.99878303   0.24207793] sse: 1.22958890054e-05 p1: [ 42.89185022  85.60227055   0.24019817]
opt: [ 37.4186894   89.99371315   0.15132989] sse: 1.22980324684e-05 p1: [ 40.84367938  75.73043616   0.14835348]
opt: [ 45.72861056 -54.30165311   0.77208358] sse: 1.23000339311e-05 p1: [ 45.72861056 -54.30165311   0.77208358]
opt: [ 36.  -72.   17.5] sse: 1.23000339311e-05 p1: [ 36.  -72.   17.5]
opt: [ 36.  -72.   11.5] sse: 1.23000339311e-05 p1: [ 36.  -72.   11.5]
opt: [ 108.   -72.    14.5] sse: 1.23000339311e-05 p1: [ 108.   -72.    14.5]
opt: [ 128.22313184  -58.37282902    3.89612706] sse: 1.23000339311e-05 p1: [ 128.22313184  -58.37282902    3.89612706]
opt: [ 180.   -72.    11.5] sse: 1.23000339311e-05 p1: [ 180.   -72.    11.5]

inc: 9.94083016345 spot # 2
residual lightcurve:
[ 1.00030056  1.00034426  1.00037537  1.00039446  1.00040273  1.00040188
  1.000394    1.00038147  1.00036678  1.00035241  1.00034064  1.00033346
  1.00033246  1.00033833  1.00033779  1.00031624  1.00027064  1.00020225
  1.00011464  1.00001271  0.99990205  0.99978853  0.99967796  0.99957581
  0.99948701  0.99941574  0.99936533  0.99933813  0.99933541  0.99935736
  0.99940301  0.99947028  0.99955604  0.99965615  0.99976562  0.99987882
  0.99998969  1.00009209  1.00018031  1.00024964  1.00029751  1.00032555
  1.000347    1.00037336  1.00040247  1.00043156  1.00045771  1.00047804
  1.00048983  1.00049073  1.00047885  1.00045291  1.00041229  1.0003571
  1.00028819  1.00020712  1.00011612  1.00001796  0.99991586  0.99981335
  0.99971406  0.99962162  0.99953944  0.99947059  0.99941761  0.99938244
  0.9993663   0.99936965  0.99939217  0.99943276  0.99948965  0.9995604
  0.99964214  0.99973159  0.99982532  0.99991985  1.00001184  1.00009824
  1.00017644  1.00024437]

best fits:
opt: [ 299.49757291  -53.82001062   51.02631971] sse: 9.45275104712e-06 p1: [ 299.37339695  -10.28861222    9.94593178]
opt: [ 299.48724588  -53.77752003   50.98563288] sse: 9.45275174627e-06 p1: [ 86.77579952  50.7495484    0.39603268]
opt: [ 299.49494554  -53.71450836   50.92557893] sse: 9.4527536321e-06 p1: [ 298.19373233  -16.74570464   16.01105285]
opt: [ 299.49662253  -53.58649494   50.80338455] sse: 9.45276273494e-06 p1: [ 280.4137708    34.01799566    0.45470403]
opt: [ 299.45508914  -49.19617888   46.6094992 ] sse: 9.45673820015e-06 p1: [ 216.45186217    9.76110687    0.6850439 ]
opt: [ 299.62063369  -41.19955448   38.97116564] sse: 9.48004639363e-06 p1: [ 289.51007218   13.46483005    0.71398087]
opt: [ 299.64588766  -38.90187247   36.78002058] sse: 9.49037732396e-06 p1: [ 281.36427463    4.85933649    1.02681257]
opt: [ 299.34252307  -31.6891557    29.9262499 ] sse: 9.53454818436e-06 p1: [ 328.24811882   -1.7981559     1.13927874]
opt: [ 298.33494404  -16.91867261   16.11707741] sse: 9.7226261858e-06 p1: [  3.05133529e+02   5.93465337e+01   1.85961070e-01]
opt: [ 124.20457948  -50.84578198   48.00570344] sse: 9.72729094302e-06 p1: [ 123.67960352  -22.37687187   21.01732764]
opt: [ 124.36826015  -35.65571696   33.49465053] sse: 9.78050413108e-06 p1: [ 124.12747932   -3.3226712     5.39359807]
opt: [ 134.55359324   41.99512417    0.3502205 ] sse: 1.22946621595e-05 p1: [ 160.73746723   48.77295453    0.31695448]
opt: [  1.46613137e-02   6.57854057e+01   2.40482397e-01] sse: 1.22956484534e-05 p1: [ 21.20122586  64.37992485   0.23976933]
opt: [  0.04318752  19.18312431   0.42302305] sse: 1.22967236713e-05 p1: [  1.32743701  19.16851078   0.42293634]
opt: [ 180.   -72.    14.5] sse: 1.23000413365e-05 p1: [ 180.   -72.    14.5]
opt: [ 252.   -72.    17.5] sse: 1.23000413365e-05 p1: [ 252.   -72.    17.5]
opt: [ 36.  -36.   11.5] sse: 1.23000413365e-05 p1: [ 36.  -36.   11.5]
opt: [ 180.   -72.    20.5] sse: 1.23000413365e-05 p1: [ 180.   -72.    20.5]
opt: [ 36.  -72.   11.5] sse: 1.23000413365e-05 p1: [ 36.  -72.   11.5]
opt: [ 108.   -72.    20.5] sse: 1.23000413365e-05 p1: [ 108.   -72.    20.5]
opt: [ 180.   -72.    11.5] sse: 1.23000413365e-05 p1: [ 180.   -72.    11.5]
opt: [ 108.   -72.    11.5] sse: 1.23000413365e-05 p1: [ 108.   -72.    11.5]
opt: [ 324.   -72.    14.5] sse: 1.23000413365e-05 p1: [ 324.   -72.    14.5]
opt: [ 108.   -72.    17.5] sse: 1.23000413365e-05 p1: [ 108.   -72.    17.5]
opt: [ 324.   -36.    17.5] sse: 1.23000413365e-05 p1: [ 324.   -36.    17.5]
opt: [ 36.  -72.   20.5] sse: 1.23000413365e-05 p1: [ 36.  -72.   20.5]
opt: [ 252.   -36.    14.5] sse: 1.23000413365e-05 p1: [ 252.   -36.    14.5]
opt: [ 230.46499733  -11.04231791    1.04638799] sse: 1.23000413365e-05 p1: [ 230.46499733  -11.04231791    1.04638799]
opt: [ 108.   -36.    11.5] sse: 1.23000413365e-05 p1: [ 108.   -36.    11.5]

inc: -9.85270434003 spot # 2
residual lightcurve:
[ 1.00024196  1.00027943  1.0003039   1.00031607  1.00031722  1.0003092
  1.00029425  1.00027489  1.00025377  1.00023352  1.0002166   1.00020515
  1.00020091  1.00020473  1.00020344  1.00018259  1.00013923  1.00007469
  0.99999262  0.99989792  0.99979621  0.9996933   0.99959493  0.99950646
  0.99943266  0.99937752  0.99934415  0.99933462  0.99934989  0.9993898
  0.99945306  0.9995372   0.99963871  0.99975313  0.99987513  0.99999881
  1.00011789  1.00022608  1.00031758  1.00038771  1.00043395  1.0004581
  1.0004736   1.00049223  1.00051212  1.00053082  1.00054575  1.00055432
  1.00055415  1.00054315  1.0005197   1.0004827   1.00043174  1.00036707
  1.00028962  1.00020104  1.00010357  0.99999999  0.9998935   0.99978756
  0.99968574  0.99959157  0.99950837  0.99943907  0.99938611  0.99935128
  0.99933567  0.99933963  0.99936269  0.99940365  0.9994606   0.99953105
  0.999612    0.99970012  0.99979192  0.99988387  0.99997262  1.00005511
  1.00012875  1.0001915 ]

best fits:
opt: [ 119.44817388  -20.6325421    20.08923381] sse: 9.74941816156e-06 p1: [ 119.06034025  -20.90565152   19.5913252 ]
opt: [ 119.4524434    -8.39563269    9.3582621 ] sse: 1.01109095736e-05 p1: [ 176.43245815    3.77656829    1.05620358]
opt: [ 119.47710374   -8.32118062    9.29898777] sse: 1.01148482481e-05 p1: [ 192.57411499    6.18616893    1.23781969]
opt: [ 119.52747758   -8.17144627    9.18018169] sse: 1.0122913497e-05 p1: [ 252.75809588    8.47743863    0.37541626]
opt: [ 119.54497381   -8.12318023    9.14193911] sse: 1.01255381352e-05 p1: [ 136.18907901    2.52421835    1.82578495]
opt: [ 119.55174145   -8.08616661    9.11307699] sse: 1.01276786392e-05 p1: [ 122.58109371   -5.03890159    6.45305793]
opt: [ 119.66779875   -7.9498239     9.00154421] sse: 1.01341989377e-05 p1: [ 82.30064262  34.81263387   0.56659769]
opt: [ 298.72252648  -25.14081165   23.80717646] sse: 1.03629355206e-05 p1: [ 298.6436971   -12.89459053   12.51606252]
opt: [ 180.91151369    9.82305933    0.63484901] sse: 1.27366417791e-05 p1: [ 159.54073724   19.6503247    -0.41740824]
opt: [ 183.98402204    9.91983476    0.60088748] sse: 1.27422309431e-05 p1: [ 194.82274918   39.27561099    0.50906223]
opt: [ 184.12316078    9.86050812    0.44291818] sse: 1.27678700221e-05 p1: [ 243.90495209   48.95621114   -0.76661427]
opt: [ 121.71273337    0.28055186    0.33446359] sse: 1.27803759434e-05 p1: [ 77.95239501  83.60418257   0.39344951]
opt: [  2.97504431e+02  -8.33631653e-01   2.71775431e-01] sse: 1.2790080272e-05 p1: [ 66.71354032  80.87081605   0.22111343]
opt: [  1.82411349e+02   9.81131135e+00   1.50370674e-01] sse: 1.27965750454e-05 p1: [ 127.35753111   74.40434969    0.16623755]
opt: [  1.82209194e+02   9.83351482e+00   1.41419126e-01] sse: 1.27970171404e-05 p1: [ 96.65722509  24.59492183   0.13432687]
opt: [  1.79192589e+02   9.87311681e+00   9.61161493e-02] sse: 1.27988608696e-05 p1: [  2.96595596e+02   2.16029559e+01   1.01563926e-01]
opt: [  1.55103118e+02   2.85727962e+01   1.45256160e-02] sse: 1.28003799488e-05 p1: [ 228.1144484    41.04509926   -0.39255544]
opt: [  1.61661794e+02   1.88706126e+01   1.09133332e-02] sse: 1.28004099259e-05 p1: [ 63.570998    21.33258697  -0.07380278]
opt: [ 36.  -72.   11.5] sse: 1.28004347689e-05 p1: [ 36.  -72.   11.5]
opt: [ 184.7565776   -15.50827668    0.93618304] sse: 1.28004347689e-05 p1: [ 184.7565776   -15.50827668    0.93618304]
opt: [ 108.   -72.    23.5] sse: 1.28004347689e-05 p1: [ 108.   -72.    23.5]
opt: [ 36.  -72.   20.5] sse: 1.28004347689e-05 p1: [ 36.  -72.   20.5]
opt: [ 108.   -72.    11.5] sse: 1.28004347689e-05 p1: [ 108.   -72.    11.5]
opt: [ 36.  -36.   11.5] sse: 1.28004347689e-05 p1: [ 36.  -36.   11.5]
opt: [ 180.   -72.    11.5] sse: 1.28004347689e-05 p1: [ 180.   -72.    11.5]
opt: [ 36.  -36.   17.5] sse: 1.28004347689e-05 p1: [ 36.  -36.   17.5]
opt: [ 162.61922352  -17.95478301    0.20062538] sse: 1.28004347689e-05 p1: [ 152.62742463   43.12892002    0.28345798]
opt: [ 180.   -36.    17.5] sse: 1.28004347689e-05 p1: [ 180.   -36.    17.5]

inc: -9.84874705292 spot # 2
residual lightcurve:
[ 1.0002522   1.00028847  1.00031155  1.00032215  1.00032158  1.0003117
  1.0002948   1.00027342  1.00025024  1.00022794  1.00020899  1.00019559
  1.0001895   1.00019161  1.00018878  1.00016659  1.00012211  1.0000567
  0.99997403  0.99987901  0.99977726  0.9996746   0.99957677  0.99948911
  0.99941638  0.99936254  0.99933067  0.99932278  0.99933982  0.99938157
  0.99944666  0.99953261  0.99963583  0.99975181  0.99987518  0.99999999
  1.00011994  1.00022872  1.00032051  1.00039063  1.00043659  1.00046021
  1.00047496  1.00049265  1.00051147  1.00052902  1.00054275  1.00055015
  1.00054887  1.00053686  1.00051254  1.00047485  1.00042338  1.00035842
  1.0002809   1.00019248  1.0000954   0.99999242  0.99988674  0.99978179
  0.99968113  0.99958827  0.99950648  0.99943867  0.99938725  0.99935398
  0.99933992  0.99934538  0.99936986  0.99941214  0.99947028  0.99954175
  0.99962354  0.9997123   0.99980452  0.99989667  0.99998538  1.0000676
  1.00014072  1.00020272]

best fits:
opt: [ 118.99672088  -20.18688042   19.69878459] sse: 9.86397184962e-06 p1: [ 118.09844948  -20.57324836   19.25987552]
opt: [ 118.91760562  -17.73455232   17.48114094] sse: 9.91198030353e-06 p1: [ 120.7151215   -18.19619759   17.00555569]
opt: [ 118.63640382  -14.99655288   15.03659074] sse: 9.97840102687e-06 p1: [ 110.02574816   -0.14973253    2.73552584]
opt: [ 118.56537496  -14.59714245   14.68293664] sse: 9.98958113647e-06 p1: [ 122.07440332   -5.82959117    8.19503223]
opt: [ 118.56363711  -14.50640033   14.6038042 ] sse: 9.9922005758e-06 p1: [ 120.45243674   -3.80839383    1.19585503]
opt: [ 118.5799841   -14.24950686   14.37723283] sse: 9.99900579196e-06 p1: [  2.96185276e+02   2.02794666e+01   2.38329363e-01]
opt: [ 119.05960119   -7.94504926    8.90703988] sse: 1.02266453966e-05 p1: [ 148.25079296   -8.47277264    1.03881707]
opt: [ 119.20918828   -7.74050976    8.74398308] sse: 1.02374195303e-05 p1: [ 165.16845408   43.35917249    0.43103318]
opt: [ 298.24319869  -24.32335311   23.20179154] sse: 1.02730192461e-05 p1: [ 297.17483926  -13.12314344   12.75304081]
opt: [ 298.67754972   -8.39438051    8.82326594] sse: 1.06496292444e-05 p1: [  2.50351348e+02  -4.13606256e+00   1.42614159e-01]
opt: [  1.25449671e+02  -1.08023043e-01   1.20118094e+00] sse: 1.25973962881e-05 p1: [ 207.31366601   43.57576217   -0.4309456 ]
opt: [ 184.02047595    9.64082032    0.84249589] sse: 1.2733059167e-05 p1: [ 194.36304565   10.91958986    0.95767301]
opt: [ 182.58858487    9.6566382     0.82722418] sse: 1.2736633158e-05 p1: [ 166.1652051    10.73697113    0.91874486]
opt: [ 165.9474404     9.43455036    0.70637322] sse: 1.27679821812e-05 p1: [ 119.54189579   17.3727418     0.43312977]
opt: [ 168.16053716    9.96319568    0.54928636] sse: 1.2792712215e-05 p1: [ 299.10510294   59.85187875    0.48633759]
opt: [ 168.62960671    9.87970459    0.47385867] sse: 1.28041496803e-05 p1: [ 54.25999257  79.5112514    0.47067504]
opt: [ 122.5027689     1.58707383    0.14572235] sse: 1.28355843273e-05 p1: [  1.76439625e+02   8.67293685e+01   1.46365080e-01]
opt: [  1.67958496e+02   9.86708942e+00   1.21737711e-01] sse: 1.28369799111e-05 p1: [ 53.39653655  37.55678175   0.11201966]
opt: [ 108.   -72.    20.5] sse: 1.28393915225e-05 p1: [ 108.   -72.    20.5]
opt: [ 36.  -36.   11.5] sse: 1.28393915225e-05 p1: [ 36.  -36.   11.5]
opt: [ 180.   -72.    11.5] sse: 1.28393915225e-05 p1: [ 180.   -72.    11.5]
opt: [ 108.   -72.    11.5] sse: 1.28393915225e-05 p1: [ 108.   -72.    11.5]
opt: [ 78.3552422  -16.91379182   0.90873959] sse: 1.28393915225e-05 p1: [ 78.3552422  -16.91379182   0.90873959]
opt: [ 180.   -36.    11.5] sse: 1.28393915225e-05 p1: [ 180.   -36.    11.5]
opt: [ 36.  -72.   11.5] sse: 1.28393915225e-05 p1: [ 36.  -72.   11.5]
opt: [ 180.   -36.    17.5] sse: 1.28393915225e-05 p1: [ 180.   -36.    17.5]
opt: [ 130.86008682  -32.12836841    8.19953094] sse: 1.28393915225e-05 p1: [ 130.86008682  -32.12836841    8.19953094]
opt: [ 36.  -36.   20.5] sse: 1.28393915225e-05 p1: [ 36.  -36.   20.5]
opt: [ 36.  -72.   20.5] sse: 1.28393915225e-05 p1: [ 36.  -72.   20.5]

inc: -9.78683592575 spot # 2
residual lightcurve:
[ 1.00033049  1.00035988  1.00037436  1.00037482  1.00036278  1.00034035
  1.00031005  1.00027473  1.00023737  1.00020094  1.00016825  1.00014181
  1.00012368  1.00011506  1.00010309  1.00007359  1.00002385  0.99995544
  0.99987214  0.99977897  0.99968158  0.99958577  0.99949718  0.99942101
  0.9993618   0.99932324  0.99930805  0.99931785  0.99935314  0.9994132
  0.99949618  0.99959905  0.99971773  0.99984721  0.99998171  1.00011491
  1.00024023  1.00035119  1.0004419   1.00050772  1.00054632  1.00055977
  1.00056189  1.0005649   1.00056746  1.00056768  1.00056353  1.000553
  1.00053423  1.00050564  1.00046603  1.00041472  1.00035159  1.00027713
  1.00019247  1.00009933  1.          0.99989723  0.99979411  0.99969396
  0.99960016  0.999516    0.9994445   0.99938831  0.99934953  0.99932962
  0.99932934  0.99934866  0.99938678  0.99944219  0.99951264  0.99959536
  0.9996871   0.99978428  0.99988323  0.99998027  1.00007193  1.0001551
  1.00022714  1.00028605]

best fits:
opt: [ 115.09612445  -49.02168549   47.03161508] sse: 1.05818337004e-05 p1: [ 115.07524976  -21.90837671   20.73632388]
opt: [ 115.28389245  -10.45238907   11.16390649] sse: 1.10720389662e-05 p1: [ 99.0876474   -0.83150629   5.20217801]
opt: [ 115.30829536   -9.33086747   10.25474239] sse: 1.11282862157e-05 p1: [ 115.60710397   29.19320013    0.68419583]
opt: [ 115.2966446    -9.29845631   10.22962991] sse: 1.1130244273e-05 p1: [ 139.0760576    -7.84788238    1.74514446]
opt: [ 115.32477658   -9.24791594   10.18754286] sse: 1.11325616177e-05 p1: [ 108.57271526   -1.7144419     3.46306026]
opt: [ 115.30242465   -8.91197455    9.92264201] sse: 1.11518837263e-05 p1: [ 99.2766928    3.32699649   1.11435158]
opt: [ 115.30533136   -8.69790105    9.75406052] sse: 1.11644070395e-05 p1: [ 117.91511125   -4.76404624    6.0001478 ]
opt: [ 294.25036883  -18.04817732   17.49953881] sse: 1.12192902459e-05 p1: [ 295.43990676   -9.51470008   10.05426995]
opt: [ 294.07381438  -12.11342639   12.30548214] sse: 1.13768511105e-05 p1: [ 66.25109306  22.76105087   0.63386826]
opt: [ 113.93797584   -0.7470561     1.48711089] sse: 1.35104100143e-05 p1: [ 295.903889     56.14075643    0.51247784]
opt: [ 195.28392341    9.71218661    0.8432023 ] sse: 1.3753915963e-05 p1: [ 215.03347105   11.162661      1.13740578]
opt: [ 189.02602401    9.76996164    0.82737369] sse: 1.37577064175e-05 p1: [ 179.35992549   11.71569678    0.82363653]
opt: [ 188.82837782    9.76499755    0.82707585] sse: 1.37578338054e-05 p1: [ 163.54300818   15.81564189    0.67986175]
opt: [ 186.84571879    9.78395819    0.42245682] sse: 1.38349073194e-05 p1: [ 109.63795398   66.57443708    0.42501854]
opt: [ 187.21577573    9.69806987    0.29323371] sse: 1.38507340979e-05 p1: [ 46.55537292  51.43455984   0.3629696 ]
opt: [  1.88108818e+02   9.80990062e+00   1.74462441e-01] sse: 1.38603945909e-05 p1: [ 240.79539058   45.75590546   -0.4937492 ]
opt: [  1.60174650e+02   3.99102908e+01   6.29479214e-03] sse: 1.38658177623e-05 p1: [ 175.33845497   45.49286136   -0.19788877]
opt: [ 36.  -36.   11.5] sse: 1.38658307851e-05 p1: [ 36.  -36.   11.5]
opt: [ 36.  -72.   11.5] sse: 1.38658307851e-05 p1: [ 36.  -72.   11.5]
opt: [ 36.  -36.   20.5] sse: 1.38658307851e-05 p1: [ 36.  -36.   20.5]
opt: [ 51.73185038 -64.8135843    1.47102559] sse: 1.38658307851e-05 p1: [ 51.73185038 -64.8135843    1.47102559]
opt: [ 255.25840279  -16.64010146    1.35894226] sse: 1.38658307851e-05 p1: [ 255.25840279  -16.64010146    1.35894226]
opt: [ 180.   -36.    11.5] sse: 1.38658307851e-05 p1: [ 180.   -36.    11.5]
opt: [ 108.   -72.    11.5] sse: 1.38658307851e-05 p1: [ 108.   -72.    11.5]
opt: [ 36.  -72.   17.5] sse: 1.38658307851e-05 p1: [ 36.  -72.   17.5]
opt: [ 108.   -72.    17.5] sse: 1.38658307851e-05 p1: [ 108.   -72.    17.5]
opt: [ 108.   -36.    11.5] sse: 1.38658307851e-05 p1: [ 108.   -36.    11.5]
opt: [ 36.  -72.   23.5] sse: 1.38658307851e-05 p1: [ 36.  -72.   23.5]
opt: [ 180.   -72.    14.5] sse: 1.38658307851e-05 p1: [ 180.   -72.    14.5]
opt: [ 85.50473532 -17.24990753   1.00255358] sse: 1.38658307851e-05 p1: [ 85.50473532 -17.24990753   1.00255358]

best final fit:
[41.049973075432298, array([ 347.0468819 ,  -80.0579867 ,   95.24273388]), array([ 124.03494619,  -44.58294786,   15.04468756])]
sse: 8.6575427151e-06
intensity:
[ 0.92805066  0.92847305  0.929016    0.92967608  0.93044915  0.93133033
  0.93231407  0.9333942   0.93456392  0.93581588  0.93714225  0.93853471
  0.93998458  0.94148284  0.94302017  0.94458707  0.94617209  0.94775252
  0.94931317  0.95084576  0.95234481  0.95380626  0.95522679  0.95660328
  0.95793245  0.95921056  0.96043329  0.96159555  0.96269144  0.96371424
  0.96465646  0.9655099   0.96626581  0.96691511  0.96744862  0.96785747
  0.96813343  0.96826957  0.96826101  0.96810614  0.96781019  0.9673885
  0.96684673  0.96618845  0.96541794  0.96454017  0.96356071  0.96248572
  0.96132187  0.96007633  0.95875671  0.95737102  0.95592763  0.95443527
  0.95290293  0.95133985  0.9497555   0.94815947  0.94656148  0.9449713
  0.94339866  0.94185326  0.94034465  0.93888217  0.93747494  0.93613173
  0.93486094  0.93367054  0.93256799  0.93156023  0.93065358  0.92985377
  0.92916581  0.92859405  0.92814208  0.92781275  0.92760814  0.92752952
  0.92757741  0.92775148]

lightcurve:
[ 0.92835721  0.928822    0.92939478  0.93007273  0.93085288  0.93173206
  0.93270685  0.93377343  0.93492751  0.93616422  0.93747801  0.93886257
  0.9403108   0.94181436  0.94335067  0.94489563  0.94643654  0.94796491
  0.94947457  0.95096066  0.95241916  0.95384644  0.95523899  0.95659323
  0.95790529  0.9591709   0.96038528  0.96154307  0.96263826  0.96366424
  0.96461376  0.96547902  0.96625176  0.96692338  0.96748516  0.96792845
  0/Library/Frameworks/Python.framework/Versions/6.2/lib/python2.6/site-packages/scipy/optimize/minpack.py:316: RuntimeWarning: Number of calls to function has reached maxfev = 1600.
  warnings.warn(errors[info][0], RuntimeWarning)
.96824499  0.96842726  0.968469    0.96836582  0.96811631  0.9677241
  0.96720521  0.96657471  0.96583471  0.9649874   0.96403541  0.962982
  0.96183114  0.96058761  0.95925714  0.95784644  0.95636327  0.95481644
  0.9532158   0.95157216  0.94989719  0.94820326  0.94650332  0.94481063
  0.9431386   0.94150054  0.93990941  0.93837762  0.93691685  0.9355378
  0.9342501   0.93306218  0.93198121  0.93101301  0.93016215  0.92943194
  0.9288245   0.92834094  0.92798141  0.92774529  0.92763133  0.92763777
  0.9277625   0.92800316]

best fits:
opt: [11.924277312167588, [327.32508918423054, -29.331009038605597, 74.668844632694857], [77.544934854179118, 13.407081550474379, 21.927519662816447]] sse: 4.32090837485e-07 p0: [9.9420143535680339, [347.04688271248386, -48.950065377445391, 95.242763596329823], [123.89893280978461, -52.2860426082229, 49.408783961938468]]


tparams: [35.087867472597068, [30.328131341076578, 64.657101869234737, 22.626830230943714], [301.46855535556443, 37.383906380514219, 17.35534625485883]]
final param sets:
params:  [11.924277312167588, [327.32508918423054, -29.331009038605597, 74.668844632694857], [77.544934854179118, 13.407081550474379, 21.927519662816447]]
pdists:  [0.51474644800954394, 3.5576247363856872, 1.2987764854881259]
