      0.00000       1.0000000
    0.0250000       1.0000000
    0.0500000       1.0000000
    0.0750000       1.0000000
     0.100000       1.0000000
     0.125000       1.0000000
     0.150000       1.0000000
     0.175000       1.0000000
     0.200000       1.0000000
     0.225000       1.0000000
     0.250000      0.99997767
     0.275000      0.99978118
     0.300000      0.99956886
     0.325000      0.99935979
     0.350000      0.99915340
     0.375000      0.99895313
     0.400000      0.99876646
     0.425000      0.99860382
     0.450000      0.99847672
     0.475000      0.99839560
     0.500000      0.99836770
     0.525000      0.99839560
     0.550000      0.99847672
     0.575000      0.99860382
     0.600000      0.99876646
     0.625000      0.99895313
     0.650000      0.99915340
     0.675000      0.99935979
     0.700000      0.99956886
     0.725000      0.99978118
     0.750000      0.99997767
     0.775000       1.0000000
     0.800000       1.0000000
     0.825000       1.0000000
     0.850000       1.0000000
     0.875000       1.0000000
     0.900000       1.0000000
     0.925000       1.0000000
     0.950000       1.0000000
     0.975000       1.0000000
      1.00000       1.0000000
