      0.00000       1.0000000
    0.0250000       1.0000000
    0.0500000       1.0000000
    0.0750000       1.0000000
     0.100000       1.0000000
     0.125000       1.0000000
     0.150000       1.0000000
     0.175000       1.0000000
     0.200000       1.0000000
     0.225000       1.0000000
     0.250000      0.99997767
     0.275000      0.99976728
     0.300000      0.99954088
     0.325000      0.99931618
     0.350000      0.99909197
     0.375000      0.99887197
     0.400000      0.99866486
     0.425000      0.99848295
     0.450000      0.99833997
     0.475000      0.99824836
     0.500000      0.99821679
     0.525000      0.99824836
     0.550000      0.99833997
     0.575000      0.99848295
     0.600000      0.99866486
     0.625000      0.99887197
     0.650000      0.99909197
     0.675000      0.99931618
     0.700000      0.99954088
     0.725000      0.99976728
     0.750000      0.99997767
     0.775000       1.0000000
     0.800000       1.0000000
     0.825000       1.0000000
     0.850000       1.0000000
     0.875000       1.0000000
     0.900000       1.0000000
     0.925000       1.0000000
     0.950000       1.0000000
     0.975000       1.0000000
      1.00000       1.0000000
