[0.96127887730877215, 0.15464198758738995, 3.656230544941526, 3.7216306717164662, 1.6783004644383785, 1.6828528763978867]
[0.37557679868189003, 4.0421093130141221, 1.424091863137114]
[0.34131530018764866, 0.4765337474652101, 2.5577705616388431, 1.5432357064105018, 2.1905041714225852, 2.451632705473008, 0.44662841541652631, 1.5729180484039038, 1.5268716450965421, 1.2053638611825581, 1.2043587546299854, 1.1892755563491271]
[1.6682377247954263, 1.8304642991572166, 0.17003166868667866, 0.90791044664033516, 1.3984126769151632, 2.1867746118681657, 1.8702024247839335, 1.8342939838132695]
[0.14399314462745158, 0.69036271474216093, 2.0991912188664044, 3.0001421220717495, 3.0148447446643654, 2.0238260082526756, 2.0325931142290945, 2.2008321460350722]
[0.17417678710760773, 3.1820128983626814, 1.2507910127743438]
[0.014600942905018113, 2.6167461541136969, 2.8786434050938792, 3.4158238033832955, 1.7830362466272269, 2.1224016789795752, 2.1214680144260689, 1.6645109314211028, 1.7001825759995521, 1.7027385119122385, 1.7223110181496095]
[4.3662873891786562, 0.83687468273480259, 1.1275023556670869, 3.7005544618790154, 1.4892882857146981, 3.0701193124369275, 1.4864260950989203, 2.6930251898079147, 2.3436062341329604, 1.2909229548674237, 0.47358629461922008, 1.372439857249061, 1.403334069189532, 0.025631794309938293, 0.046769382443490673]
[0.033011186834752723, 1.5392775469581645, 3.2624545049906506, 3.3510825494201382, 1.0695047645630136, 1.0705529279592172, 0.85635345527983386]
[0.2284143301421965, 0.014099093192970128, 1.9988384641740675, 2.0093633971977249, 1.9986073903630113, 2.8974215874902951, 2.6999097601412245, 3.4874389278816649, 3.3211568617095231, 3.4900722270009648, 3.4928316254555538, 3.2770311455650711, 1.409449486008413, 2.1093810512143296, 2.1790928320415008]
[3.3940957813205928, 3.2393430190188846, 0.011382212729314348, 0.87554243184639735, 1.5497869265143971, 2.1847815798844588, 1.9950256019701891, 3.4118356538228611, 2.0046243627574913, 2.7482766781884478, 1.6952770866859943]
[0.19690890652000728, 0.20080694308667144, 0.87268435374320208]
[1.8713056019067247, 2.1028851995022477, 1.8714803306338523, 2.1038165111061002, 0.036020620217721885, 2.3961441130926864, 1.0123952268097136, 1.0129477502316175, 3.4931067397275775, 1.3433466954774866, 2.9799172408392538]
[1.3132614572000751, 0.044135338305479249, 0.8642041918250617, 0.48376953941536788, 0.71836429587214312, 0.72340133979950871]
[0.34513004733635555, 0.42126829134390603]
[0.015919923991817415, 1.529224555873691]
[0.077931167822667763, 0.29397899174153402, 0.63666021216776458]
[2.0270572465078303, 0.22791500383735977, 2.0223675490149806, 2.2753336376508595, 2.206909987571589, 2.4442044346534226, 1.0987656438836919, 2.8566042142117971, 2.8018560316881707, 1.1626289207378553, 1.9981873663208127, 1.9907659643238347, 2.7877199918821058]
[0.32435643458338032, 0.12809505695256992]
[0.035565988861908246, 0.029693957933985042, 0.038225018238952482, 0.026221498085989288, 1.8249787902210004, 1.2856820993566158, 0.41691397378042588, 2.9765265134603758, 2.5002449504393707, 3.7225163986475982, 1.1681501543257369, 1.1934279235081831, 4.0073571189788, 4.0627969568077908, 1.0233039850061407, 1.0291778185082823]
[1.3323028382086066, 0.3801583042871759, 1.3326291511108279]
[4.4833496979385705, 4.4071327979975408, 0.63319795080192509, 4.0163848302768344, 1.2646180535942166, 2.7105620835556636, 0.93063805890994067, 0.22044488426403205, 1.7983306802995782, 2.569744714017101, 2.7591426592772188, 2.5241239174000394, 2.2346202833184257, 0.57405624817690282, 1.0073104771559116, 3.2087205184221328, 0.48713263127965606]
[0.27890732801939538, 1.7790718158734784, 1.0546328945799837, 2.4695418754019212, 2.2797176020228895, 2.7145841173593581, 1.2567776946349771, 3.9816533361610218, 1.2424102931541732, 1.9855553079370696, 2.0047660782957619, 1.9784490706981122, 3.1562738090220344, 2.1028694608934839]
[0.083744741661123029, 1.3768832328296514]
[1.0247619477241079, 0.95728351938336254, 0.070766647216343251, 1.8867456550527184, 2.1607997477545924, 2.1478096449761912, 2.2849894990461381]
[3.7164801898921671, 2.0813015872842691, 0.22699043713792888, 1.1239600415459219, 1.6680984269365888, 1.9240874880280294, 4.4298814167532505, 2.2541497854290395, 1.0058589876004052, 1.0144934475662786, 2.4835684264707911]
[0.2303043978063905, 3.4724051120961512, 1.1834237764044275, 1.0527260057587795, 0.5190005769834789]
[0.012768101759107571, 1.0961660521990335, 2.1375541920366943]
[3.6465805395583861, 3.650304957528268, 0.1435888751336564, 0.26588288204449395]
[2.2470228813340141, 0.3885586589943863, 1.1689003345900453]
[0.01891352204066625, 1.6983854174144086, 1.5391054366870158, 4.1969881563824885, 0.76736143616895192]
[0.59147335534769441, 0.37861492970711774, 2.0390374016081636, 2.0890242268899732, 3.2650757538128223, 3.2715126323533039, 3.8387923100030408, 3.8332958688042607]
[0.91414752767552543, 0.54493427012517015, 1.5517283310002778, 0.064908259665825044, 0.097242648172590596]
[0.36433550552005867, 0.034513532345836977, 0.70820748896842334]
[0.5463718472706518, 1.1408335145161488]
[0.87447607487857848, 0.01558185035208828, 3.9312933276934277, 3.9351457243791579, 3.7163686620266212]
[0.39923621025732053, 0.036600623156767279, 1.9974599657888268, 1.76084929479592]
[5.0252384504692076, 4.4021332266434365, 0.57963376686922363, 1.529406781613595, 4.1543735640653816, 1.8339013812078611, 0.49754030358524964, 2.4195604650749263, 0.99361296427107615, 2.4611295906524004, 2.6569038302312871, 0.035340991905695028, 2.8996069239040732, 1.1257225831825843, 1.0045173574778021, 1.0200394936429462]
[1.785540661295991, 1.3236167489823145, 1.258417291833611, 0.61509385620150381, 1.4301103332907277, 0.58662977409260031, 0.54401129971555906, 1.1237935205053897, 1.966263471364633, 2.0214059757312857, 0.76526141051879837, 1.5457094239701894, 2.0264102332458727, 1.3620120497569488, 3.1817579184798306, 3.0182029206411785, 0.99985319580951404, 3.1203856004432224]
[1.4241804318410749, 1.6114365146772389, 1.1687560312230054, 1.5995729267925411]
[4.7762036165777362, 4.82033173758769, 4.8923212609552866, 1.6045205398652573, 0.31559638709208432, 2.275913117835048, 2.413725496625009, 1.2277390483285666, 1.4531775895106431]
[1.1308769137573926, 0.72363384408253595, 2.5678907732923846, 1.9217593771298935, 2.0242230369299827, 0.74658637142433382, 0.064096773675982169, 3.347406864117056, 2.94517124453392, 1.0456636629590952, 1.0589861799236175, 1.5709587070913584, 1.565824664230804]
[0.45198033335914284, 0.21120651056264936, 0.62043818043579435, 0.11928750401385944, 1.0813740376083638, 2.3552237668104157, 1.8662941946728542, 1.5608774731440442, 2.1641434342549051, 0.34303505594402611, 1.2511284669235228, 1.5929840068563785, 1.1364260046528858, 1.0807200752620716, 1.0699954230940505, 3.0258070490262332, 3.1599154444350144]
[0.35327001587717649, 0.29992845916155148, 1.1173170857069024]
[0.24610790501736513, 0.043026906496369595, 4.0322269719648069, 4.0283777422570441]
[0.51295878889023461, 0.022549282290706813, 2.0674974924271168, 2.0029782872333062]
[1.9304089995870521, 1.9205616350846653, 2.0963716167456807, 1.4572099560586991, 0.053427207629931021, 1.9859294040417854, 2.1814846044228808, 2.1956426543560434, 1.0051640126247807, 3.8848597143690178, 4.3417895223136984, 4.4241729706231308, 4.4688999378340393, 2.4445216438268673, 2.0068126224659442]
[0.43074676398129924, 0.44449760224579538, 2.0434745543619437, 2.0463993624867611, 3.3427204493765315, 3.8940121815540936, 1.1347766941404696, 2.2970520486499111]
[1.6676163746007548, 0.01701921771435283, 2.3848112385782052, 1.8919961932777423, 1.5427919780661938]
[0.12103581484147442, 0.56458317218674325, 4.0830209072977128, 4.0620374623642492]
