[[3.9597059261116858e-09, 2.0258850762170453e-09, 2.0166353503603827e-07]]
[[0.88477047017264665, 0.50598235169942873, 2.7644758097612852], [0.94295651113368362, 0.53225274658977451, 1.9747445880824936], [0.039897682310262812, 0.19798683385943935, 0.85967968986752619], [0.94259676514677437, 0.53207753823090476, 1.1901181462539356], [0.9425966192911972, 0.53207746760861263, 1.1901208273510411], [0.039755807102415969, 0.20064551498396752, 1.5341921750899541], [0.91050494004265148, 0.51710716686750391, 1.9897844541022478]]
[[0.31052510097551739, 0.14987004943744273, 3.5442470249324542]]
[[0.0034881247133111198, 0.0095320915147351411, 1.999242477784714]]
[[0.94111408719677736, 0.63578874787712403, 2.22998456072167], [0.94227996109259271, 0.6367503769567594, 1.8802594369946777]]
[[0.67688765443425436, 1.113359378527276, 2.1423299256986765], [0.67688806494281284, 1.1133591673264702, 2.1423292865692614], [0.11610870456136348, 0.02827215719757115, 3.5012337158358209]]
[[2.8473555365356634e-07, 9.8165388789028313e-08, 3.5644108200583785e-07]]
[[0.16276636805067743, 0.76496314958409417, 0.9552726936343563]]
[[1.1224231724487077, 0.56090276861055954, 2.6439009941020437]]
[[2.2807076523652842e-08, 7.692442335009813e-09, 5.8137105893633647e-07]]
[[1.9802770803304765e-06, 9.9571481643920206e-07, 5.5683009523197149e-06]]
[[9.5767113034778762e-08, 5.1318483181595548e-08, 4.1491215705886994e-07]]
[[2.3263904730520658e-06, 1.1668104247892925e-06, 1.3002690806224067e-06]]
[[1.206358545265592e-05, 5.8019381946030355e-06, 7.7036853353270628e-05]]
[[5.4603905002497616e-09, 2.63649910812462e-09, 3.2603382513527623e-09], [8.2713123737852985e-08, 4.3035175788296097e-08, 7.494877632967503e-08], [6.790903562937779e-09, 3.2536127400391365e-09, 4.0093179506258078e-09]]
[[0.56664230408615324, 0.58957937254149761, 0.6183790274373181], [0.56963269624251589, 0.6179325467675596, 1.4423566944357868], [0.56966312140025188, 0.61792528449688644, 1.4423633514898704], [0.56971568981782483, 0.61791276509571602, 1.4423536293774697], [0.61928429285912034, 0.18727624964727468, 0.62715279793362899], [0.61928848450119667, 0.18735137249588121, 0.62715189201501287], [0.6192983810212348, 0.18721222482632402, 0.6271479931388142], [0.44280413086860715, 0.73277082481958833, 1.114784914551757]]
[[1.4584018414785331, 2.0423466315092034, 2.3685333843825815]]
[[2.6116274717146049e-07, 1.0984118471579987e-07, 4.4021402141851649e-06]]
[[0.74333305931001992, 0.52040574323887967, 2.0178710550027268], [0.35066334498277762, 1.142118697213192, 1.1629072986181566], [0.35066331820877389, 1.1421179599045441, 1.1628700504877045], [0.35066318228281995, 1.1421138435725737, 1.1629163059498988], [0.35066309803633045, 1.1421113881573932, 1.162865312485087], [0.35066331438738779, 1.1421177195231311, 1.162952888992911], [0.35066381668664448, 1.1421328559028363, 1.162862216177361], [0.35066399490899086, 1.1421380711193987, 1.1629345025408524], [1.0723070441857456, 1.0143246950845426, 1.5546630922423994], [0.35070874169213295, 1.1433726064606704, 4.0669428005330532], [0.30245668663920333, 0.18836902084145785, 1.0878064182945069], [0.11454945083641156, 0.20604082693015274, 0.62394910516876956]]
[[1.8549917371206883, 1.6365350184459262, 2.7742917593738787], [1.8552490298086897, 1.6364377203740192, 2.7739029164675655], [1.864575622178118, 1.0888007267525426, 2.7604994011448794], [1.8652659856379108, 1.9140501011652022, 2.7595215120463323], [1.8651175529973973, 0.43528564989703444, 2.7590975492549097]]
[[2.3982531413619453e-07, 2.1866377955263762e-07, 2.9276170924711444e-07], [5.1158243744945742e-07, 5.931549016716159e-07, 6.4272062757268562e-07]]
[[1.2421090928648373, 1.1425448889686318, 1.4596142157340626]]
[[4.5805342728676302e-10, 9.8810803172482991e-10, 9.6078836680821922e-09]]
[[0.61173889974169193, 1.2551104906832724, 4.6159725218672012], [0.611721830314364, 1.2658324710284603, 4.6160029555925712], [0.61171490067325474, 1.2680139788964881, 4.6160151643751242], [0.6115725207203021, 1.2127302704813838, 4.6163448023846945], [0.60802146272434798, 1.4419419201952355, 4.428430770506159], [0.64713996558171027, 1.1845528169045374, 4.4237015271613522], [0.64713983472498804, 1.5022042698415794, 4.423701701644692], [0.60823026916485823, 1.2229258488138068, 4.4250675151825094], [0.608203650657138, 1.2481672890163573, 4.4251208158874427], [0.60845701107135508, 1.2798742865415622, 4.4275512321605648], [0.60845323554788877, 1.242598958331435, 4.4275599019690581], [0.60844602157745742, 1.012181887213677, 4.4275794956319965], [0.64734098218791369, 1.395746071529107, 4.4229688198029589], [0.64733323519996744, 1.1794673649844718, 4.4229852838069315], [0.64713982703063944, 1.266564549050196, 4.4237017603681377], [0.61092788256114872, 1.4503172510023539, 4.6174129406618816], [0.6109279307719121, 1.1971561646196234, 4.6174128175425961], [0.60802146272434798, 1.3542003695433151, 4.428430770506159], [0.60802146272434798, 0.91505075747606368, 4.428430770506159], [0.60802146272434798, 0.9329970313886683, 4.428430770506159], [0.60802146272434798, 1.0120158257836791, 4.428430770506159], [0.60802146272434798, 1.0826484406506409, 4.428430770506159], [0.60802146272434798, 0.52377821977641015, 4.428430770506159], [0.60802146272434798, 1.9303532103620011, 4.428430770506159], [0.60802146272434798, 1.2959462727289321, 4.428430770506159], [0.60802146272434798, 0.96156414853283612, 4.428430770506159], [0.60802146272434798, 1.2353096519176052, 4.428430770506159], [0.64713885412110905, 0.95336161457883617, 4.4237035127967426], [0.64713885412110905, 1.0553191352237723, 4.4237035127967426], [0.64713885412110905, 0.53586247555031441, 4.4237035127967426], [0.64713885412110905, 0.89059955684033509, 4.4237035127967426], [0.64713885412110905, 1.085496757192526, 4.4237035127967426], [0.64713885412110905, 0.56596304166037303, 4.4237035127967426], [0.64713885412110905, 1.3663909443105224, 4.4237035127967426], [0.64713885412110905, 1.0536356885781883, 4.4237035127967426], [0.64713885412110905, 0.93950184208688259, 4.4237035127967426], [0.64713885412110905, 1.102199601700719, 4.4237035127967426], [0.64713878407310887, 0.92003944656019798, 4.4237036653967703], [0.60782329878767583, 1.1475429911943145, 4.4258645065380149], [0.60782329878767583, 1.7817925530368481, 4.4258645065380149], [0.60782329878767583, 0.79742753802039601, 4.4258645065380149], [0.60782329878767583, 0.9329970313886683, 4.4258645065380149], [0.60782329878767583, 1.4752625919490694, 4.4258645065380149], [0.60782329878767583, 0.95336161457883617, 4.4258645065380149], [0.60782329878767583, 1.0706239366458477, 4.4258645065380149], [0.60782329878767583, 1.2965118824620034, 4.4258645065380149], [0.60782329878767583, 1.2818006449204504, 4.4258645065380149], [0.60782329878767583, 1.3663909443105224, 4.4258645065380149], [0.6109275532144598, 0.94792245945449549, 4.6174136748249808], [0.61092754727275733, 1.5345721739387834, 4.6174136680140139], [0.61092754727275733, 1.6914874869325449, 4.6174136680140139], [0.61092754727275733, 1.3264564477042697, 4.6174136680140139], [0.61092754727275733, 1.155660388430283, 4.6174136680140139], [0.61092754727275733, 1.8591812627660462, 4.6174136680140139], [0.61092754727275733, 0.58984111761794344, 4.6174136680140139], [0.61092754727275733, 0.95478082694509114, 4.6174136680140139], [0.61092754727275733, 0.99863094151859988, 4.6174136680140139], [0.61092754727275733, 1.0543364431911237, 4.6174136680140139]]
[[0.00092015947816750866, 0.00068057386859818022, 0.25126773808818048]]
[[0.32689912822944067, 0.10507014437492931, 1.916596267324616], [0.59745833217623134, 0.87801225645367098, 1.705855645014686]]
[[0.52433166119631802, 0.26216775872831477, 2.6396730369960677]]
[[1.2377458662942648e-09, 2.4478226577180293e-09, 2.6072379667497205e-08]]
[[1.3373402803016476, 0.66878032688636246, 1.1229233497540014], [1.3373402804811427, 0.66878032666630227, 1.1229233501039277], [1.3373402797844951, 0.66878032657742836, 1.1229233491486188], [1.3373402800948948, 0.6687803268125988, 1.1229233494431134], [1.3373402800183603, 0.66878032687046463, 1.1229233493763286], [1.33733842109849, 1.437132288935312, 1.7295212863833576], [1.3372047249946986, 1.3393655712712471, 1.7292978917521482]]
[[4.3980117223125288e-07, 9.3642841370437364e-07, 2.0357455525497501e-06]]
[[1.1191918739920463e-07, 1.1617943080653181e-07, 4.3911323574132567e-07]]
[[2.447877041807563e-09, 1.1840050719789249e-09, 1.4312136270175849e-09]]
[[0.14022131038512362, 0.078426878314884083, 2.9971583559840811], [0.14022150030465227, 0.078427056218645513, 2.9971581392628188], [0.14022158411364924, 0.078427152777570883, 2.9971580927322843], [0.1402211307247678, 0.078426714515756404, 2.9971585831476379], [0.1402217688963085, 0.078427292405128399, 2.9971577360163604], [0.93939990832531761, 0.4541346469026446, 0.73587710142978602]]
[[1.827787122642298e-08, 5.432007719097622e-09, 8.3415130111885639e-09], [2.2590323409430209e-08, 7.2222079644041801e-09, 1.0451115988932622e-08]]
[[4.8148498718900456e-08, 2.846407796519548e-08, 7.1183364951798351e-07]]
[[2.6301789388425178e-08, 2.7554201772689316e-08, 5.6871132716446972e-08]]
[[0.45619766678025936, 0.59473519313761514, 2.0123073440950598], [0.45619767136168954, 0.59473519081688175, 2.0123073358133059], [0.45641739871551434, 1.8741209435351773, 2.0117610070228391]]
[[1.9563123664233395e-09, 2.1323382693438179e-09, 3.5173218056539517e-09], [5.5502103653755812e-10, 5.7132942110191297e-10, 7.0695421050893276e-10]]
[[9.4742284773019486e-08, 2.4023829004653783e-08, 3.3159525785655739e-07], [1.4322865240501415e-07, 5.5124837886115937e-08, 3.6238655766510727e-07]]
[[0.015013963119452316, 0.0066384761484673009, 0.41095313999430366]]
