[[1.4132063420725494e-10, 1.4385573621078664e-10, 4.5624528503986368e-10]]
[[7.5146775177219955e-06, 4.1589276431660368e-06, 1.9180342425365118e-05]]
[[1.8573781169885075e-08, 8.9501449454468437e-09, 1.3219282767875503e-08], [2.0980324361769615e-08, 9.9916903926817114e-09, 1.495235780167899e-08]]
[[0.58920212643861603, 0.39768486056548258, 0.84224676495175976], [0.58921458745861188, 0.39768022883849036, 0.84227035116637661], [0.58917647357540504, 0.39769502674416485, 0.84221598189548985], [0.58917036854504357, 0.3976956464156946, 0.84224555303092197], [0.58915378513609318, 0.39770303760794146, 0.84223157424186768], [0.6492947807576851, 0.37393342110909161, 1.3691152027219051], [0.64930977471521312, 0.37392775055562549, 1.3691281187167135], [0.64923023392172652, 0.37395118918664139, 1.3691169664989273], [0.64933870054094878, 0.37391532910448094, 1.3691427604183575], [0.64931945941005076, 0.3739213778284316, 1.3691143665702918], [1.2501861002675634, 1.3237971254751761, 4.1369064010425554], [1.2501883485759691, 1.3239349444555553, 4.1369088062496511], [1.2501862034724847, 1.323895924823663, 4.1369274849776527], [1.2880409593517899, 2.2494063924400645, 4.2149932317764183], [1.2607495176602914, 1.4615069815091764, 4.1450447026871631], [1.2607495014239853, 1.4615334167815826, 4.1450412659633571], [1.2607469128529343, 1.461673665647798, 4.1450412211358669], [1.2607526736994679, 1.4613950645752545, 4.1450422644055429], [0.65179632018941869, 0.29289690636275872, 1.7717273029700675], [0.6518420150651566, 0.29287674329872321, 1.7718118881652571], [0.65170907602214023, 0.29291076960413825, 1.7716052521918875], [0.65170370413421619, 0.29293339013849456, 1.7715632322751202], [0.65163406493569342, 0.29294807742135637, 1.7713956818603867], [1.3101321837137743, 0.473880276710827, 4.272747216303407], [1.3068297901299741, 0.51926370479389916, 4.2719718689151103], [1.3002220705516809, 0.69419866006663389, 4.2646605748937008], [1.3002220705516809, 1.7932095665865384, 4.2646605748937008], [1.3002220705516809, 1.4639095401636169, 4.2646605748937008], [1.3002220705516809, 1.6179690971371596, 4.2646605748937008], [1.3002220705516809, 1.6047917329308734, 4.2646605748937008], [1.3002220705516809, 1.1058025722770248, 4.2646605748937008], [1.3002220705516809, 1.6118020733085225, 4.2646605748937008], [1.3002220705516809, 1.0199683199073029, 4.2646605748937008], [1.3002220705516809, 1.1875941266425196, 4.2646605748937008], [1.3002220705516809, 1.9047330096970339, 4.2646605748937008], [1.3002220705516809, 0.96185712890556263, 4.2646605748937008], [1.3002220705516809, 2.0981383420696198, 4.2646605748937008], [1.3002220705516809, 1.0470626243124206, 4.2646605748937008], [1.3002220705516809, 1.5424370002375616, 4.2646605748937008], [1.3002220705516809, 1.4972116762584042, 4.2646605748937008], [1.3002220705516809, 1.8150190455393975, 4.2646605748937008], [1.3002220705516809, 1.2284101397246185, 4.2646605748937008], [1.3002220705516809, 2.109516390586696, 4.2646605748937008], [1.3002220705516809, 1.7876471894443537, 4.2646605748937008], [1.3002220705516809, 1.8473742600363905, 4.2646605748937008], [1.3002220705516809, 0.69280686953772463, 4.2646605748937008]]
[[1.9892696271453438, 2.0563889183595769, 2.4118243479008115]]
[[0.10503365751038218, 1.3490717166666351, 4.8248131938325018], [0.38153391965820749, 2.1440664900961428, 4.7884340116201471], [0.38140754743282329, 2.2437534094918581, 4.7891899077522408], [0.10322495492252928, 0.82057372414567498, 4.8288799046073105], [0.3814101126959184, 1.4220136333478937, 4.7894118484513291]]
[[1.2087463635181865, 0.79218261593749439, 1.9828110666369463], [1.2587205926626122, 0.50761805680674132, 1.3420659159217017], [1.1821664655406181, 0.45064458022307696, 1.4576045178255039]]
[[6.6156265650837057e-11, 3.3760971055274599e-11, 5.5772466633924681e-11], [1.0588387845523862e-09, 4.785169859570907e-10, 2.6240672375946429e-09]]
[[0.13671541969099635, 0.1095579455433912, 2.0902893245175473]]
[[1.18438821219671e-09, 1.0860014212270973e-09, 1.3172955636705139e-09]]
[[1.4556308277254477e-08, 6.5886247007513767e-09, 8.5430299412312928e-09]]
[[2.1290873064572226e-09, 9.6220569060864752e-10, 1.0811862224663953e-06]]
[[0.75857309067325562, 0.82914167928921767, 1.528918979181644], [0.75857309039076248, 0.82914167927452354, 1.5289189921760555], [0.75857305346266124, 0.82914167287868101, 1.5289180391745865], [0.75857304869615427, 0.82914168466757032, 1.5289200623311199]]
[[0.055612931963232741, 0.024723707601632592, 1.2109978950399116], [0.055612810242469064, 0.02472364222239767, 1.2109903154589503]]
[[0.00041063929723432263, 0.69098974237919508, 2.0177854281769267], [0.00041062261883963755, 0.6909897609837562, 2.0177854556007335]]
[[8.3778041294458999e-11, 4.1816757465505647e-11, 5.7293321592485886e-11], [7.3855706735533505e-11, 1.9770555942179886e-11, 4.2768137086617645e-11]]
[[2.8771682517951074e-09, 3.9364425574493671e-10, 3.3739193163814117e-09]]
[[3.0127313490563917e-06, 1.4203411030794721e-06, 2.196296605254288e-05]]
[[1.5699836492583724e-12, 9.2007929959474274e-13, 9.4348562491276875e-13]]
[[3.0021393766017154e-10, 3.7857508438422636e-10, 4.4672028358874895e-09]]
[[5.5796615722809093e-10, 7.4476879336768882e-09, 1.1557448708718728e-08]]
[[1.7397244139121741e-12, 9.5422928708601474e-13, 1.368033885859532e-12]]
[[3.2758325434972193e-10, 7.712633113212493e-11, 8.4793969799968395e-11]]
[[5.5877605802834298e-06, 3.4644246389672443e-06, 6.2206919340164343e-06]]
[[0.30828728095147651, 0.35785274956488583, 1.1617155569408384], [0.85179077146787496, 1.2044920600684674, 1.325546090775604], [0.85178684285831407, 1.2046887538380859, 1.3254984062323949], [0.85180434456674714, 1.2049545360722027, 1.325907962759679], [0.52600433671172941, 0.47252039288142406, 0.67128623640520801], [0.50270228345250367, 0.63020210316971803, 0.92223312621671905], [0.79660812419020699, 0.85412652762608665, 1.2537621933488501], [0.79660883576358688, 0.85413395489172417, 1.2538588822862864], [0.7966071619910704, 0.85411678255126933, 1.2538311427055091], [0.79660709023208875, 0.85411607829787939, 1.2538285739794039], [0.79660698628685067, 0.85411505863384152, 1.2538927929302519], [0.79660754441403758, 0.85412118355698674, 1.2535933507542363], [0.44584291433430412, 0.4539560537640569, 1.2290126046205621], [0.42151530293383577, 0.46509863635843934, 1.2131471549338706], [0.44524237230445102, 0.89564461943406015, 1.223495099034525], [0.42101024958826672, 0.8976731222730524, 1.2086900803729692], [0.74495702087071236, 0.9079039191921453, 1.5251297241436119], [0.74532261543234113, 0.90865710817192114, 1.5254608133167074], [0.79983568986728293, 1.2981829898623078, 1.4892381803690597], [0.7999082374855383, 1.2983946857151265, 1.4891836480486964], [0.79099407264449584, 1.2917701993584365, 1.8477779365236164], [0.79093473362175182, 1.2935811312399501, 1.8477679804936253], [0.79091705202900453, 1.293832355563977, 1.847795410281633], [0.79092954048161956, 1.2935924943929482, 1.8477707168450872], [0.79088591043013912, 1.2931052767752138, 1.8477529700621342], [0.79081537143502312, 1.2930364731996757, 1.8478180018357093], [0.79082270548128675, 1.2946919108923569, 1.8476740828519611], [0.60349492294212836, 0.63275743505556437, 1.5005003920016526], [0.73378237471443619, 0.39856306430369726, 1.4982265350724115], [0.63465570060147614, 0.72831498722972499, 0.9303562894878975], [0.80368229289844462, 1.2639648709140336, 1.4797516145045677], [0.80368089934864739, 1.2639547340299102, 1.4797539827788695], [0.80368070376645784, 1.263932033378808, 1.4797541273349717], [0.80368042833120557, 1.2639332420566767, 1.4797546655818381], [0.80368021300850268, 1.263945642636886, 1.4797551875161434], [0.80070530502895165, 1.4851215982262498, 1.8780468320972987], [0.80070515338846648, 1.4851220867946122, 1.8780412312023467], [0.80070511473308104, 1.485122036790457, 1.8780420837046305], [0.80070166817559563, 1.4851293902956113, 1.878008675727457], [0.74005937134543798, 1.0859886883678125, 1.5478096160394743], [0.74047875958063036, 1.2590426774254235, 1.548303309540169], [0.79971993968485133, 0.67873997625990257, 1.330715730049596], [0.79657192608119454, 1.3362452836615055, 1.8612842050864633], [0.79557732078522736, 1.510549129412998, 1.8668083918072715], [0.79452861717281265, 1.5597946053676359, 1.8685341176686758], [0.79454007598134979, 1.5575076901942597, 1.8685842604101792], [0.79472573699318572, 1.5713891134689355, 1.8687146785725877], [0.79477952349455494, 1.5630397386171171, 1.8687208583995349], [0.79530100235447576, 1.5009301460505555, 1.5436936387353326], [0.79390794329357228, 1.5031106717957674, 1.5309046213048068], [1.5165688970897198, 1.1127728727607347, 1.5891655225073467], [0.80042840529516512, 1.491858127491795, 2.1384060101925444], [1.5172797217918654, 1.1108811480584553, 1.5889189420468182], [0.8012802511917918, 1.4889935636883536, 2.151829409441703], [0.80120488659135414, 1.4892781144362035, 2.1512212923262899], [0.80145029735473483, 1.4885092217957698, 2.1523623400349368], [0.80073174097878685, 1.4906902828318982, 2.1472009100598486], [0.79473840734914614, 1.5022596756267288, 1.5518105032226339], [1.5152242086782448, 1.1187211996641957, 1.5859217217723094], [1.5128890178411603, 1.1678108931714912, 1.584681140825583]]
[[7.1775000757649343e-10, 1.8482556983624986e-10, 3.6769632851133838e-10]]
[[1.6544341196203871, 0.57834686962172666, 2.7653281185392276], [1.6544342983722413, 0.57834666442391414, 2.765327781463343], [1.6544404301446964, 0.57835900963831943, 2.7653172004706796], [1.6544418613970193, 0.57836432900505197, 2.7653148518428665], [1.654441504868633, 0.57836626186357387, 2.7653155904887075], [1.6544483223226449, 0.57837955928617002, 2.765303808316498], [1.6544904821805075, 0.57848405280983006, 2.7652320190212092], [1.6545391819086581, 0.57859695488153629, 2.7651487063388216], [1.6546462864045826, 0.57887854524847826, 2.7649671702986476]]
[[1.2986552200623515e-06, 5.9481590448029054e-07, 1.1910712547518542e-06]]
[[1.2681608849460543e-10, 1.1878055702853143e-10, 1.2919084748295416e-10]]
[[0.89640405029698134, 0.50796951790304623, 2.1026390646748885], [1.0897540764136937, 1.7841523560979236, 3.6065542305357883]]
[[2.1177252544172612e-10, 1.2750204232486598e-10, 1.5443824709693142e-10]]
[[0.014679457301404141, 0.0063615146879856177, 2.4612078199922318], [0.014670460258754995, 0.0063579262852764828, 2.4612084841028272], [0.01466926794105995, 0.0063574916882386239, 2.4612094396284365], [0.014666533163086134, 0.006356297277989806, 2.4612051085769147], [0.018786196998813724, 1.9983021285014613, 2.4640150821895417], [0.018802891317376374, 1.9983021261098977, 2.464010782126151], [0.018807444370648577, 1.9983020425651301, 2.4640109368384802], [0.018804275754305481, 1.9983019615300239, 2.4640133165024345], [0.01880553543428426, 1.9983019266930819, 2.464013589850965]]
[[1.0208828523185511, 0.37064423176367634, 1.8851117966839706], [1.0208828755517942, 0.37064411263502206, 1.885111843399742], [1.0208828607619003, 0.3706442586908687, 1.885111768886131], [1.0208828272878245, 0.37064428998838272, 1.8851117914130326], [1.0208828944392232, 0.37064402240739369, 1.885111876982891]]
[[1.453713105882394e-06, 1.2378530199965226e-06, 1.5805864184806368e-06]]
[[0.033924515018075217, 0.93853603009029929, 2.7069641026743625], [0.033927031963522501, 0.93854253338294902, 2.7069696072710965], [0.033928583198435704, 0.93854918065268256, 2.7069729536523264], [0.03392935647572462, 0.93854141398554991, 2.706974627659116], [0.033931243445392389, 0.93854279621131576, 2.7069787675799595], [0.10310269394191431, 0.741560112991131, 2.5452643021571797], [0.10310476526957536, 0.74157642150806991, 2.5452667007233596], [0.10310414210588005, 0.74155671694337033, 2.5452685726447206], [0.10309679539483088, 0.74151676254337695, 2.5452577182518192], [0.10311235651704655, 0.7416204958096787, 2.5452779569549429]]
[[1.1229985830141231e-10, 7.7841715097678451e-11, 8.222192159517013e-11]]
[[0.64205009184644091, 0.32812737214242815, 3.0615188270412959], [0.64153580488133222, 2.0290228904380467, 3.0620296597388728], [0.64153534097086351, 2.0290225838927176, 3.0620294588021548], [0.64153535002891793, 2.0290224319101213, 3.0620287838941405], [0.64153560229906059, 2.0290223664868163, 3.0620281604556543], [0.64250098014419366, 1.9061869807413918, 2.7780088211353582], [0.65362754450484739, 0.25226049044213905, 2.755373276753645]]
[[0.0076427365712692426, 0.0036111391035579276, 0.14670543583362164], [0.0076429163635037553, 0.0036112132339036255, 0.14670626869707207], [0.0076430117067202569, 0.0036112529637442547, 0.14670659294400526], [0.0076430476517412808, 0.0036112678728099979, 0.14670698970029777], [0.0076431753914074346, 0.0036113198244821162, 0.14670763892640398], [0.0076434695274092707, 0.0036114415271191014, 0.14670946169387503], [0.0076435805202974749, 0.0036114886245597242, 0.14671020561206574], [0.0076437194371714494, 0.0036115450950541497, 0.14671102504325492]]
[[1.2360025391833369, 1.1290032516934849, 2.5636388650326891]]
[[0.13947440936096903, 0.27531739749554557, 3.6166908504364672], [0.13947437168020582, 0.27531732352451016, 3.6166936203334803], [1.6044927745761448, 1.2432158067737711, 1.4431000419754727]]
[[1.2848507443171305e-11, 7.3726357536256804e-12, 3.5614010478405803e-11]]
[[1.4156493016849304e-06, 3.9479465568287341e-07, 1.2449830812747767e-06]]
[[0.39460607924182733, 3.4740597391023762, 4.6054514338403374], [0.39460605663531412, 3.4740599865799826, 4.6054517720878936], [0.15719485788482185, 3.8689766744541774, 5.0460104247667177], [0.15719466156956813, 3.8689763667999437, 5.0460101061837657]]
[[0.26810644210481754, 1.5609664941322396, 2.0508860836826708], [0.26810572410524303, 1.5609668015899882, 2.0508868254510393]]
[[3.7023824006610085e-10, 6.504325241245786e-10, 2.905328630089756e-09]]
[[6.8110812081714459e-08, 8.8006708921407285e-09, 3.7947635083826281e-08]]
[[1.8105958095778383e-08, 9.8757563482671802e-09, 2.0945210972268424e-08]]
[[0.026544271036526842, 0.045859934289119803, 2.868513491020257], [0.026543590851504935, 0.045860247699057485, 2.8685146142602136], [0.026543315206461828, 0.045860323362110329, 2.8685152243101246], [0.026542386904053215, 0.045860604621683169, 2.8685171702023884], [0.026535840857391375, 0.045862998975925919, 2.8685297922412412], [0.026535084347759783, 0.045863309007602521, 2.8685311550578216], [0.45823545684325889, 0.20359806178684131, 2.0571992395976837], [0.45823687831344828, 0.56979715429709854, 1.629977937494498], [0.4582458679475187, 0.56979721500086744, 1.6299627236367908]]
[[0.40578447887673313, 0.202673573543107, 0.26056911033974778], [0.4056658693240951, 0.20270601811494085, 2.866122233944663], [0.40526069104642126, 0.20251103089149428, 3.0585870954802266]]
[[0.021590670616741491, 0.019665898577345027, 1.4051589652871339]]
